895860327466557490
1047584997537755187
1203119917528784916
520690750166532096
706578098048729119
1289138431582011405
1229684155672035372
669450580376158220
1250596820858699950
1283203047790477342
1290605830147932190
1284078729546563669
1234151231878987859
1290890977946370115
1106753067199762532
739646330263175168
1146710476831600641
1289833627596886079
1285792216488611881
402532557759053824
1286997765758521416
1038436226270773299
835544455070613574
919779449824743425
1276544375643439160
1271387081922445377
880885983678177352
916918637955276850
903196649264922694
1080767794544656414
1129543143201706056
444590449039114250
1280154154257617051
1147724534582087680
1288054427076263956
1290543108206891071
1290352675615146118
1046719995977158656
1229497135896985672
572458997148287006
678250295725391877
1290614647828910126
303734552675745794
548522585894158340
1290833794982608988
1063068243503353856
832151737686163466
931207913769402388
1121917445897199638
1256328903593689110
1290886991348764693
1290934965248462938
1041051262885572628
1289857159127105579
703220200404942998
1290532032904036385
1222147106580598836
1290209878681587737
831253578411671624
1277111693301911588
1189056690792955907
1195312655938891807
1068687772870770809
420970460822634498
1231277285240213595
1288892162292973581
1290654788869951498
1226108463785181186
1290531250573938759
341541940942340101
1014364073858695239
1269993174991110228
1268239787878387774
1058311933318680657
1291038614704361543
1167257627877711973
792869224560590878
1271801416310067213
1283439259805683787
617184710631620608
1278961952667861032
1290601732858052621
1046776591738474496
1121561438666895362
1260545791685300298
1290947778997915698
990777476303187998
1262899250728009768
1258936596494028853
1257357988776247377
934776346138255401
1256440367075688520
759740065625669642
945669093686657054
1159466844269314058
1273176917440200738
1263896419983560827
357810043954921482
1052433940008423434
1265907681336754312
1145841004247781466
1119414215871041566
1240670184788987915
1290880347713835070
1206251467242213439
1237804991184371783
825482149758369824
1172429040993452101
257690039629250560
696859551940608041
693366407618101269
1052261057957203988
1290625419631923211
896174422229143572
920806008882876456
1286195757224820760
1289663492223144060
697725831568424992
1106241966733283378
1290711856683552829
1290976564208730194
1271504316317831299
1289927842557198483
1267795945748168775
1273645772415434813
1269918974188064838
1290791766311567454
1288473641914335294
900023387110395915
437913758329864204
1279527953516073000
1037881993163198514
1290917362152767490
717364370815975495
1265378633070153869
525310277034442770
1023766271835262987
1105192958753505389
470439349008334850
489290166712664064
1251234570595078316
517967818680041480
1277472849283514441
1115569989685092422
1268991508363608189
1242228539542212612
1290788024837345366
1275524850437324842
1290777959397064838
1040212159919042590
1184974676234076240
1291037899445501998
1206511908174307370
1286479664847786035
1289355475246121054
1091546549844201582
1010403688856162304
1271127821628215316
1227502555228012585
1268019819580755998
1290816251303825539
1290554489547264022
1010810420564594738
1146606360113451069
1291020063641702525
806617156032266260
904158907746906112
1290620120334598189
1283029099614441632
1262035370644607101
794316505768001546
1107370412943351818
631227198753210368
1148129618876960788
1200652746609655828
1199715732716531868
1290995711520931872
1279357984211730578
1119716066948554762
1081664180085608558
588317662602330113
1268019105651495024
1040162788372402236
1287347161851232300
1289549272773169174
1068243093121413160
1043690382304759848
1275836112551542845
1290980199936299059
1290881521820893224
1215050442925543467
1286698092258787360
727122446133755965
874271666451152896
1049574805541761164
710123374025637980
728033853507371110
404284727474913280
388743255627530240
1275822403708125267
1266683417588797514
892370330985840671
706761579823104010
794905809233379341
1041269750174601357
1290614279904563213
1290640739646046302
1085353248245960806
1223399837479862376
934178434756788345
836179167535824926
1288598164483604541
857845010108121138
1233619138103087155
1124111428035559508
435214164034715648
1238821666994389112
1290833177899958384
786597570877194280
1047875165213708338
707107269007114241
1040537415451938856
1171753938916233279
1089486129885098054
1220636171433021470
1106251570020102155
1235800892607823893
173366812140896256
1038148537457844345
1090809001027055646
1239224632028958797
1040504247407624243
805481153276280882
1225030776673013855
275012732246425600
1105744746854481930
852899664953212968
1290843550333931522
573575708819980301
1247553731424161797
932653771765473300
1248268010062483469
1289865926799527999
1049731562029191249
1287771886239088723
1092923773105221772
944227867410202654
580369372078669852
1143767526866702406
977042872018825217
1286372614268522549
1038221575297699914
1086986756127199283
1288569832429846560
1047874475049365564
1143921666016165908
1022064175511506965
1281255710545547345
1281628026353746064
1020096417441792020
1290178675576148059
1266316180302594122
1286932389163040773
1046653251338113055
1290635459285749804
995952714712350780
1040158222947975209
1047824556884230225
1085822737425121280
1237716366442627083
1289010617113641034
1066443524863701004
1275747178928934986
1075122778845483048
1040589996937187328
1225117906472271872
949704385393459321
1268489379266166862
