1060951710094344212
1153314149368078437
1279600207738437706
1281980030091526205
1282667539377160212
1237695011475161105
1233963641175408694
1084802084098019338
1279404353735757918
1279876322050441299
1261758077091184734
1210547942549753916
1282659834532986995
1181255681257504781
1239550989330022412
1104094783607165038
1282573557523812352
1214805281666764851
897142962348236890
1282608350378328107
1282611020505944087
1261154903187918959
1126781737649852467
1056752094339674185
1277854351485960217
1277930145612566580
1282605521383198805
1282624868852043778
1055292223505305601
899522484133588992
1216385331113361512
1145004775843311657
1282602454461976628
1281358712543383603
899345787564208189
772415196281962516
638475429514313768
844207020261376011
1282589882723729459
1282410582204616919
1282554019360804926
1270028711898513468
1002558614260695061
1280752133829951553
1279690824233386026
1281573392625045528
976734854752399420
1280842944131239949
1212761658766925924