891738656317005865
1269257946274201723
1252305962291826770
1186335067505700904
1113666163847737395
1239087564619513856
1263893461564784640
900742551097724999
1154692715250974730
1283098829620645898
824311454575362109
1223234128514777102
712948267469766696
969781300036775957
1233309454020116480
1110249534191304724
1068053866995793950
1126557372081524747
1271918725112795150
468880705368227851
1082244723177160795
1162876988491563109
1247927592904949793
841305197933625404
1240038959438889061
1108427938564669530
755007411764330528
1101478831568728124
1083650509606502410
909871178024357940
915642043781505034
1051832240960712815
1136357545917820968
988451589310263397
1221880338230284299
818892461538672640
1074425452338348163
532744276170244111
991089035072131112
1332078698077356149
1147578955034017812
1193617618364551271
795847648703807520
878054633334009857
558328964561764396
1266809012331090006
1150845849530806304
1093982082675523726
1009328419361783878
457962873327452171
1227968346633277585
1136529200321417247
402119838199185426
982789761754345513
618473749120942090
1114268968824360970
929796427859767346
1039902972622159892
756644922081411151
1238840913657200702
250778987264081930
525679315979993097
959265189587464202
748086638839726090
1268241868890836993
1258005602786087027
1051635475477168128
1048560135980728400
1067348475798364220
1089739317016023050
1064570444767838309
870511435057364992
1048647702960939089
904817039259074560
1091591077267509380
1108604871172706314
