1262801851712012439
1236247770558500894
1275239899523580046
942151526569365504
1275572990658084966
1275583466397765656
1204513537402085377
1273608389754355723
1274610329669734482
1273034098948050985
596108776269021209
993546062327455804
1269584250999668758
1267982415045984269
438505708707905536
727054314551640105
1275569872746582019
1019972537855250523
1170909258494263386
1012073266757767289
1274879455332143157
1274707567444103291
1258958255040757825
1274797935254700056
1203688792368619520
756385871950774344
1275356925181169705
1275575616007307294
1206937704181272659
1174851882112536686
1259730873658380298
763443619922968576
958356115861684304
813562339110027274
1197726996613058650
1083345192205168731
1024881242459615272
552967446840082461
1244355920993976481
1238175549462155334
1248615678353866756
1274454130282332160
536709340346974230
1242938715224014961
1061630904042270820
1210737998099128411
1275604502346469498
817977953706442793
1274259270023512190
1240057164316545074
459944864885506068
1037095812141949049
1217867036743700493
1233483330306179244
1082562837278380152
1223029488409907340
1249758103185129483
1241303834861506577
805488243843137576
858829304606490634
1166937761455026208
1120900053628891166
1267287473310924865
1213618946876514386
697498294108028998
1266318266624901154
1096186219974639666
936232398666993674
1002251320071303270
828470024447983657
1269808738303348877
1275599556146630686
1274053942979985420
