115906478438744071
132137550872576000
137372488303640576
146430419951157249
150032839872741377
154670542237073419
155762943340838912
164759033083985921
164864085748350976
170146494949752832
184855853373849600
189165923071033345
189307039049056256
190201598893490177
190922825484206081
200789156920557578
208060237675102209
210571113825173504
211507371875368960
214891761074438146
215529169407180801
221830207034753024
229285462471081984
235148962103951360
235643180362498048
240254129333731328
243795676755001346
245300550147506177
245526871893213184
246877673245114368
248500676349394954
250049988606820352
250263409407295490
253293652539867136
254003646361108481
254654671669428225
254840432058564612
256828268139773952
257262736067657732
257330244502028299
260072308591427585
261428739382968320
262289670854017027
264766296816615425
265048841433120779
265497244109635585
266649607369392130
267583496787066880
268852920680841217
270904126974590976
271732790553214976
272173529917816832
274317980328919040
278988062443175936
280752528910450688
281916358311018507
282340640920961024
282934792880783361
285345151616942080
291332583067877378
291342610021482527
291611734454829058
292953576605483028
302494086630342657
304357095166181388
307621793215021057
310664736482263041
319141089099382784
319724850308710402
319946911216041994
319955849781051394
324246836527235072
324654097598775296
325001782403006477
327996784012034050
328065573626052618
331832918018097153
334757079577395201
335431148601868299
335726547963084800
340210190169145364
340309758357536775
340884349895573505
340983386866843650
341168099057467392
341656729760563200
341804984310038538
345305562789183489
347753786632175618
348075430542180353
348584141736116225
350026649708003331
351742291297435649
352188355787882496
353057663099338755
357526828727926786
359032199393181697
359684174803894272
361537795929669634
363065291670028298
363639283271335952
366903144237498369
370047517116858379
372704857120833538
374792558259208192
375772321492762634
376786024765980672
379008046346666024
379079633380835328
380176854239281153
381134270099357696
381626027593564160
382235087745449985
382538811789410307
382952898910355457
386072599521918976
386240548023042072
388040820458127360
388394298066075648
388931289644007434
391191852872761354
392446963838353419
392701275373830144
394502244881530882
394917825648525312
395282611691585536
398216871695876108
398293020371451905
398536274958352394
399311542677536783
399566742860464131
400802840420810752
401424411321958410
404024793051037697
404595585522466850
407101115239366656
408095110287458315
409032415198314496
409033563032518658
411514787328032769
412003172110958592
412169423429042177
414249378698625024
414485303026253855
415140548786126868
415642170314194944
418982829565804546
419483732865581059
419636843194351617
420735288663343104
422087909634736160
424754195858456576
425734032689725443
426015459448455178
426917525893152790
427350168946343956
427633067641929738
428152816847028234
429008393240313888
429398889553068035
434517895704346644
436170837586870276
436672836258627594
439449505805500424
442198039084662784
442332991461785602
445444914797346817
448915002020331522
448981935184805908
449782951522205697
452146234103300121
455368852969095179
457354739349323776
457949451483611146
459545224860139521
459664521276030986
460137651849396254
461326838728359940
461433468899819521
463490935582621696
464033983949176859
464255675254439947
464463712577912832
465318884438835206
469637302487089152
470381091115761664
472286203652210700
472321118771085312
473489433396510720
474470754986229780
476396871753924620
476529631156109323
477506886388940801
477964674453733377
478546106394083329
478686966393733142
479688142908162059
479689701142298654
480049283173842945
480594072172494848
481109119357681665
485125232227778560
485355909196021771
486580832203571210
489417586962989076
489672088639242242
490961782572318722
494381827260284928
494949635044016150
496258476868108298
496434296412700704
496737634635350018
497202017312440320
497822193338810371
498522552814010369
500384991914754048
502751202799517696
502937944483561474
502987923193462815
504943405990805504
505156529734025227
505515272942256129
506748312582619146
506837833265446912
508498994364678145
510123008765984768
511497258554884097
512377644520701974
513281130611474445
513316705355956261
514702954998005761
514941155671015424
515511256472354836
516490219197956098
516597878811131923
518427172520591370
518744759876059159
518891937475067929
518985310559010822
523656554797465632
523922263687561236
524786524164849674
525034520282660871
525588097791164417
526344861239214090
527632226775597107
527842666076176385
528128322157281290
528284562560909322
528489088274137098
530511819304075264
531302978959966210
531866128549412883
532165069924990986
533862217075130380
535884652037013514
536477602689449994
536865316702126111
538269891703209987
538774764949340177
538975057536352289
539846575212593167
540876226160754688
541471675854880778
542841633654439936
542943858124914699
543557097518792728
545028015596240906
545681052157476883
546285157829836800
546445202844549131
546668080835723265
549109234068094978
549396394256105492
551867281844731935
552602223566258217
554023111524089877
554597488473014274
554846800201252865
555559033969442836
555820207164096513
559858404030676992
560204200102068227
560515738041974804
561242819587473411
561565119201673216
561663708837838932
564125460162805770
565410109690478592
568853829257396266
570665611068309583
572504493090930700
572579103157518336
573495401261563905
574070620929916938
574085548050743296
577197016522686498
578010264583143482
579681111991386114
580291221675573248
582335420029992960
583312728761040907
584165379555983375
584920477701767196
585162565806587917
585648002622816279
586967138846244895
586988058608402500
587291860712685588
587983908763598868
588030288144367632
589915511203299348
590214749254451228
592876143665741849
593349377154613268
595202262570369025
595766864924114945
597182229780758531
597447089479483414
597842931315114014
599701039880470549
601043608782503967
601053522376654862
601530472241168403
602576302784118804
603634799210528779
603707025645502474
604512923687190538
604657838727364610
605260085802958861
607142109161717763
609199466364534784
609591534027014175
609693242186924043
610314192217440299
611228713266184232
613236651627511818
613442016440745995
614209314311372832
614813161278930944
616170575785623552
619309004161679360
620033683453116416
620281635543449631
620303331235069972
620826384884826112
622172585446342667
622201448381284385
623201547727273990
624196765243146270
626514948721475584
627046006533390356
627664728742690816
627807645818028054
627877080264081424
629028208779722773
629435330008711209
631301051206860802
632271705452052531
632497933081640991
632766493536550939
635410624498892801
636480304936386561
636908475292712960
638505509984534531
643717457055318066
644755115185537054
645706490367311883
645710241324859392
646127764520304640
646255808325091341
647011322239909888
648544703301550090
648654376285765674
649447663040856076
650087040825950228
650864832064782353
651440403794493442
652827733344387105
652854724487282698
653286184725905414
655080984995299370
655522920029749263
655808931217670165
656809203876495362
658130478255177738
658769488128245770
658881955147939840
660606822406946816
661319568521691149
661624025214222357
661660722249465878
662282345956769804
662710407139557376
664547788125765635
664782556645949450
664936491595726918
665219661448740894
665548715834212383
666675067320533002
667080484089757727
667127487557271587
667828440199593984
668110790628343848
668724455140229130
669348089877757969
670281130624155658
670420612266590229
670584728604114946
671008493125500939
671017852957884436
671858385825693706
672886626996977665
674963847722958877
675884121926533134
676070030437384202
676590194002231296
678010028606881795
678324737885339657
681283050193420322
681683073942683672
682114693246353409
682290270314037413
683291409549361221
684485484084199448
685773069570015253
686057824182337545
686621735776550962
687290653138223104
687381892538040439
687439291097546823
687480001029079073
687774049308246025
688291616636665882
688673827604922399
689074805172994262
689254064239673393
689867066500448278
690233624154734611
691135104411631667
691361162981277834
691462907409727568
691661591556522095
691869915451359293
691955380959313950
691963958923362355
692524441355288646
692602900697972756
692955253741453323
693885237318516798
693895737984942160
694430383990636564
694490999602282546
694570429263642742
694980212907311191
695028035065217084
695208014512390156
695340909839122482
695501895925760000
695653353870458981
695854704244162643
696984162413969491
697405592662442105
697562502183256074
697833902236237825
698120599511498753
698212057207537734
698643526812172309
699538871687446618
699562830470316063
699568329379151924
699824421384355851
700080886548529153
700263918953824256
700450187763646535
701149596998566059
701483726319911055
701900411522515034
702166529822949376
702662894915158106
702678555557101578
703073379090956398
703886990948565003
704073428784775258
704341058498330655
704780852709818490
705130629523570728
705539878083100712
706544967669252127
707014128983867444
707518250270851122
707548787056312419
707898960668262440
708042682198392883
708049815233101854
708258523800404051
708686403957030935
708784755159728218
709490258739200170
709628667902296155
709812820623097857
709820077721256016
710145031700480081
710455196815327253
710564726488301709
711533619834781778
711897478114312203
712204271109800038
712414327138680923
713242914146353173
713366404971364412
713372238501380096
713688566328328253
713754780635496478
713811594227744768
714317186650472468
714415742464032810
714506032835067984
714667835481260094
714776008041168957
714844403839270972
715730688275382272
716027440828383293
716045447680098364
716452217280004256
716752538023755877
716939052942753888
717226368181469195
717666319717236736
718279304059813910
718338004007125004
718381213043392564
719583147137826817
720035694436941976
720109941159100418
720216020110934066
720411522257649716
720844694330015767
721500981615132743
721686318945402901
721932031419875441
722388561122295837
723634161587454042
723774900854194197
723806261220606004
724265778874023997
724625783569514508
724857421691879464
725721249652670555
726182782585405510
726419344724197396
726467099723169862
726513223309983745
726580159905529856
726684739389489223
726885130068820020
726995091918684214
727026689779040308
727590679559274636
727957439277695109
728302827973115988
728364091823095951
728458689073250326
728855454939086868
728982443285282857
729194389338980402
729439940018176101
729669012685848676
729693989657247855
729749362627969025
731175114481074187
731256913060167710
731489859918626837
731660785092132915
731958372169154622
732270346509746187
732557956515627008
732742835295748208
732806506638082079
732985887385845881
733102053928206436
735097319325827112
735303934520066048
736171041340260354
737164514385985647
737474221185433600
737970085838454894
738267598017396787
738279990809853992
738307001842401282
738724164751458365
738906155748950017
739165382627033159
739203617252311040
739231015129710683
739247034887831718
740190463251841106
740285054424449145
740720947954319523
741243079700250697
741452310525247568
741747659685232650
741828566983114813
742011091084640348
743664515719233606
743817205032157204
743912114044928085
744088259222568971
744266098408423485
744313103344205875
745149124839473262
745153635180085332
745235715050176552
746782701201391736
746787754859560960
746951484754624611
747344736381173831
747851896047272023
747905225461071872
747927503796043797
747938316086935863
748163874854797342
748472643250028625
748996475354349698
749245695885705286
749500278729998338
749772708287479848
749781593719177217
749833687943741530
749940176528212058
749994380873564170
750658909190094939
750720445787144263
751065871706882150
751284811758436386
751616238396113017
751679611359854682
751978156256133152
752058280108621836
752361482187964441
752471722959306782
752480821734015027
752811441605574697
752943013277466764
753039988186284174
753129865045344268
753432391904788530
753705280612597920
754037851829829793
754538441387278437
754785650028314852
755297043181731871
755480704103743596
755783959316791436
755845743637430394
756288808286421107
756321704828993549
756463838651744368
756679633767891085
756720209254940818
756886296781127790
757287104240943183
757423593897328787
757483890419171351
757663152837230612
757994694847365120
758360206391640104
758363710291968040
758376185637502986
758378231493296128
758691893629550603
758901683895140372
759385540327112725
759703492289495050
759735299798073355
759748096065404938
760125460830486558
760260243204341770
760643567017656330
761484244497072138
761962131993657364
762291686746619904
762338584346361876
762508878398226463
762684446834556928
762720603957362738
763203783966195712
763554121474768956
764378580753842177
764454407349075969
764572570409762826
764613241321947168
765069056536477726
765444316734685204
765559759846768660
765870742197370903
765879327119769610
766095397013422121
766427175581909003
766446062495727636
766713002161995786
766732423555710996
767037203544277002
767073789992501260
767311273104506881
767817999544614913
767831117557530684
768831150759870477
769012534669213726
769024856997101598
769363780622614579
769552716237373450
769841682560319498
769949193393012756
770111827727482942
770195369480552448
770695550466523146
771039375165227108
771102963879247903
771377460318044181
771459392742096929
771892475186774036
772113126240944189
772161151286509579
772328890240204830
772807858202607667
773401416072691732
773647591102480394
773665030825705493
773675072191332352
773983542320693288
774288018956746792
774365883983986700
774632598597009428
774671718526222388
774841336565202984
774918507183341589
775043684122099733
775246843654307840
775716477906714646
776311363332734987
776436077165543444
776438383340814336
776454928074801172
776508797325148201
776525398930358313
776532443166408775
776536873337356330
776845620815331428
776962069815492639
777146488149114900
777187957798469642
777591615098585128
777731032924946463
777968946938511421
778220588636438601
778802112741769278
778951898857865217
778997052309766164
779796767713394738
780002585666912296
780133583574007850
780809852812918835
781273404862365696
781503228205989941
781808334512062474
782225850477051905
782583479794663434
782588423566786572
782738269338730557
782914651951595561
783004182416326678
783818280041185371
783849004010045451
784452306153242675
784584326326386698
784655534858174496
784844291859939328
785711326369808434
785957169002446848
787055986984484904
787265555803406337
787449674637246486
787472674850996224
788103992777506836
788120362243850271
788414120097480725
788523694070562857
788790172040822805
788832516818731048
789182880223199242
789192908770639872
789298603226431561
789360829161144381
789450735192244234
789720639895765003
789783619211100170
789793158706757633
790036156888383508
790049656859131954
790120304910794752
790311217989156894
790374370341683230
790572036300603422
791018081186873446
791547637857910825
791791208673837068
791965302157213697
792108200370765844
792282534012387368
792561455001108510
792740536636145664
792807969036697610
792823707378122783
793034786217263124
793457242207944724
793547258108444674
794462489513295883
794583549994205185
794780926482841660
795307518502633543
795621244262940672
795676624405135360
795827138413985825
795855743856541717
796124880877781033
796198170546798603
796316559047786537
796487989424685056
796512397358923787
796624974403076126
796778156300173312
796802108627615754
796824762906443808
797039549880467516
797315742240473109
797914400563789834
798067264360153129
798205802832724020
798585968008626216
798589042295439371
798998230565519451
799307411407372338
799494912117702696
799578787180052490
800509657134792704
800542673659756564
800712404811251742
800910949187190785
801190024707440671
801471045638029356
801500719357624339
801524547760553994
802212332687720479
802265498845839372
802441820872507413
802608029753147392
803073170340184084
803461051143684097
803902104456134687
803994542318944266
804098609880105026
804232782309228624
804635447878746132
805200822014967859
805286643392839701
805347525200314379
805547070970396712
805692216546426920
805740817377263627
805786502528237569
805993104922509342
806376384305561600
806553487730671627
806572190501306382
806591929281413140
806648967516651550
807322638560919602
807566002815762453
807726877137043457
808195618832121878
808334092822249502
808404670716444713
808730269019406377
808843435409801226
809176239633334272
809557940121239552
809573168829562932
809604811111530497
809636403331596298
809740875541250069
809778488520212492
809993339444133888
810022520120016946
810228404120191026
810239789278298232
810266720316424212
810387647892553728
810535316573782106
810635128555700295
810687302937870366
810753560697503765
810889223539654696
810940520833482792
811176102201917450
811560328789622804
811903202499887106
811914431582961665
811977543476707338
812388750919073873
812539315837861928
812549682130845747
812791248174841857
813216095959777321
813292553914023978
813683360492027924
813746510000685056
813824391929397288
813840563563528282
813906589978329129
813993176502894602
814039477416362006
814084156534423595
814095053299384341
814204944914579477
814236211517718638
814249382680854528
814444085330182186
814559118286913537
814796111914205185
814861125136810025
814944721239015435
815027484826271784
815342468518248460
815466081619673129
815476207478243340
816321589636366369
816514467696214017
816519934191992853
816709955717431376
816722335573999637
816754804377518133
816836888425660426
816860398493106247
816885158435225610
816964846494810122
817082348843302965
817128806653493300
817227421895753749
817448722505007104
817485535726796800
817570247762116639
817950154740334622
818277203057049620
818402198132097085
818429056650575872
818478100253376513
818814759041892372
818903148541247500
818967870917705788
818977042867421264
818989557625782292
819004819695992914
819104603303837726
819237977556385816
819294205297688637
819401094789595168
819526616085561396
819602154364469249
819678260547158067
819693573913182218
819767220816707604
819790954659315712
819847532086820914
819922348249055233
820145991172620328
820292235073552395
820352916052770819
820446171297873971
820512517302255646
821070142804852736
821106881652719707
821180163785097236
821364551794556948
821449397317009439
822089380205166603
822192813479428097
822390270712086528
822530106210779207
822557987621044264
822631923305676810
822957727994216478
823196969912238161
823363742623858750
823429935879815187
823447620612784158
823646100694892575
823761288034385932
823811190160752662
823814237524197376
823878189537427496
823897768221343744
823956148629667880
824058539361566761
824146324990459945
824184299522621461
824248752180822017
824508208503980073
824532350657626142
824713471521325076
824733976794366003
824820095805030400
825004930297233421
825017074879430696
825020467378126908
825057807245508680
825151724305907732
825285610410606673
825427190232645683
825429435573862430
825440131745841202
825504873562767370
825747146619093093
825971957220114482
826087735650942976
826089374932402176
826323136705331220
826563070234198016
826592926540759112
826629991533510717
826701457310875649
826846260350156860
826878065027448925
826960582103662602
827046171478327316
827086157387923476
827130646610051122
827146089625813022
827155871959220265
827202758783402014
827442216225865758
827443556602871829
827491699139936267
827492483838509056
827544445913792549
827559034034585623
827621728401358850
827938910717739009
827977776031596545
828153271419404288
828421704048312392
828520725886402571
828556398845231134
828874902877765634
828910872508104747
828959492157866024
829027144516370493
829219747282812968
829381631742967830
829454682589102121
829686799567814756
829787650688942100
829852178142593094
830033642390028330
830153796008280106
830178864348528641
830321616734912573
830341074060836926
830360602568032257
830520460139298847
830608873491791902
830610142126669825
830831302647218246
830981427272351744
831346927874080799
831652707185983568
831672727394844693
831887162017972224
831939327310299166
832129632001720320
832200892912238633
832249138439389196
832285021368614943
832856505124519947
832955826834505790
832973648557899847
832991411354730508
833478395140505641
834252388608114730
834514370271641630
834611590065946644
834680580242407515
834728783973318707
834823301587009586
834852741510856724
835195087058894848
835216239185362974
835258062587691008
835366213617057812
835582189956890675
835621759998230579
835768238896971776
835964651753308171
836127824137814078
836378187046715392
836538054348242944
836596700922511392
836617882531659787
836839301647958018
837016743968243753
837255913689710632
837393870874214400
837483212631441408
837484938931863553
837590258853347358
837672237837844520
837711402700767242
837831369139814420
837835786237771859
837942058836033558
838161022001872898
838177363908755477
838193305316753432
838281430622011444
838489157381652530
838722469556125737
838792898820440064
838798957344718859
839010386309152829
839158251504533524
839200976401072169
839960278556213308
840666018400829441
840751305487155201
840755009234796584
840846474903552002
840902456811847720
840931944735703040
841028399778496513
841446505021046814
841574932609237003
841713911405477888
841724722962104392
841896652179767327
842021166633058305
842068060159606854
842137195787583499
842338798972567562
842427954263752724
842500418198437898
842511263354978304
842710964968226826
842755871938314240
843062542661713952
843436330746773504
843680704084836352
843981735770849301
845651259208761364
846113336487837756
846142456646991892
846227013618761749
846240863000068097
846296238932099092
846656000043909120
846744026602405939
847722595213639681
848219300266770463
848233503337611304
848266032933634108
848789671826817046
848945173496070164
849962815750275072
850021029942132748
850075354554826754
850516778924638238
850856746683859004
851729737168060426
852409360835674112
852660157422764043
852756678037602344
852881520611950633
852883750856556624
853095871892422656
853246131650691073
853410035669663764
853433055540150273
853565452172525619
853616647151550494
853830141964714014
854011604848345098
854212822044770306
854297592740184075
854782580015366186
855324682135404554
855630122223796264
856449757542481923
856833204065009675
857161228882018304
857289006886289479
857698974835933235
858500584504033280
859085409416904704
859122013646225448
859335926865199124
859572365976403989
859896589526761482
860782431266537473
861269999792160768
861414523407302656
861578468646584331
861605788035055646
862037849288343623
862190700891340840
862373636366270515
862763359237046292
863422995614662686
863605029021941780
864523701277687829
865134863837298688
865217279661572126
866276998455492619
866334824298053632
866666406736560138
866918284925599754
866920258514321418
867353346776367144
867450975546769428
867803480377524224
868131906338828318
868333104916488253
868359862931849277
868697619076108288
868760084082208809
869308422884057108
869543915768926218
870285943997878312
870533331924693072
870783614839836712
871221803580813373
871489908391411713
871877477490913380
871952723048800266
872156354192740372
872552644315603004
873059552461992018
873163852978728990
873202852112269364
873289967831486465
873467462769860618
873624147475959908
874056961870676018
874513049678135376
874834507126177813
876507097645334548
877312852472500265
877481843434348545
877592479933808720
877777465395802162
877795388650844170
878253119606247454
878688353954955385
878723595310882816
878926875106365450
878992068389789728
879188948923056178
880078131875184720
880123170756120587
881383454917398618
881564763518291998
881646059288399973
881788252443541565
881937904174256179
882295622588313631
882629104250273792
882658246157037608
882885663840673823
883055190650003486
883422590302060555
883688703904600116
883752120157896745
883883633419616298
883996185076072459
884294676818059326
884987588887322674
885056405260886057
885552507923873793
885899782898466836
886152401713758218
886298344173998090
886465590389256252
886663701485191168
887158822223884338
887321834998099969
887524543382560808
887541594918629399
887726518061662218
887887493033263114
888154504145555457
888208063352410112
888367500268560414
888469746109009973
888740433944002590
889163497668214794
889220025825759362
889674323391037471
889738767836020746
890022419014766602
890418883327066122
890424539387949087
890564206435381259
890605128544055317
890606582650531842
890629798123163709
891118672502992936
891312345689772042
891361549179047946
891423676111679579
891738656317005865
891909836390944808
892109169702875206
893013814004555818
893150149147258921
893501755550216212
894018488849535069
894133405837561866
894156037421150228
894287380595507221
894803852665163817
894919519271792661
894939334191480882
894994115551436811
895219406718779412
895721829266763836
895736627069091890
895915169509683210
896058981464829962
896432988928217088
896554738122907659
896624072945983570
896737971309518879
896953738210709585
897010803486646312
897531320736022550
897581605156179979
897595652828196884
897944180494569572
898201180700823622
898326414070267934
898385542331379742
898393713900924929
898556177330339872
898943826763317278
899108187649753130
899129371472838736
899146465774010378
899548875239587870
899987415647784971
900145164683726918
900393961313665084
900426847047790673
900854955806699520
900855015713955870
901319387070488598
901485430443216916
901841045195735060
902024555760066611
902452325594062850
902619918904741888
902843212769665035
902884609929388132
903054061429985281
903104616420499506
903105166390222878
903170884271996928
903598775765966918
903686745307091014
904072468526956574
904148171666628679
904293507982819338
904546824575123456
904769509599113258
905277072086282270
905393309206339594
905576704708313150
905588581966430288
905714191162286121
905913151160188938
905921522038870086
906298606062010388
906444258192556073
906563149841465404
907543598516543489
907566309154369557
907571812601311274
907758875489493013
907784259052404757
907814733275623425
908273511540346921
908356495182274580
908713131310743552
908733848005787658
909177631780515870
909232395675369483
909383020434292776
909769066686865410
910157898997448745
910171860317114388
910210261045100574
911085036558774324
911313058402553897
911420983867482185
911483207889846282
911652182825259118
911802197552005131
912286005900488734
912895483385618512
913337265596538911
913407840478199828
914145408874348575
914237096112312372
914400038736764949
914454812362436629
914816321806536745
914991723833356318
915120906370703360
915138295300755476
915200141881901107
915216051409666078
915260834920427551
915418705066885162
915580916456370216
915851780968034325
916009602087264256
916054107985440818
916458300550303744
916537362740285491
916613408785301514
916643257377755166
916774430741495918
917022290477199412
917102819419492353
917259637131198474
917456703165988884
917495227227451462
917565752406605835
918035780574797825
918367794859507723
918432136174919701
918613938348908565
919314284058673173
919978087440068630
920092898094096435
920410203168575578
921293509963702284
921445334297759794
921590905130074163
921647909651484672
921762484132642817
922001033650139176
922216168134160475
922263664466227240
922608691881054269
922903597266665552
922924699929944094
923309278004117555
923574278987845643
923734532237180949
923933447049871420
924000811070144533
924049899706789968
924106862633316352
924300090250780672
925027617248276480
925063584344584232
925315165895917569
925948841268752425
925970091240218675
926137403578679386
926209724028964965
926349036632543253
926657701277204480
926843146321674240
926934690257072138
927038592583352403
927296540958134363
927597874013954118
927820018257891338
928195517412933652
928306349400547380
928337025998921748
928846203528044584
929046053603397642
929055867393941584
929161434418520084
929330047997845515
929390474345742388
929452149652459621
929757517179916368
929770550279151617
930074003815678002
930217828764770334
930456178977292318
930537520519860265
930591734923157605
930723155167813672
930838792213000292
931172798611738664
931241153242742815
931701466580783195
931979738816327731
932027967830360134
932068185946066966
932090133912637500
932148632017313853
932155406162219018
932534364082937888
932700844422492325
932706019921002526
932785267843149835
932792554703945789
932845256834162809
933174174111891456
933201641266638878
933423243086397501
933544703398404127
933656448817320018
933659631144812544
933793694291730462
934116000440385557
934275879490703411
934351536610496532
934376590526263306
934486432549052427
934582908075782185
934695614455890011
934841766270615613
934915488230809672
935105812416843796
935243359906324570
935396097466183700
935686964823343146
935726275459428353
935913197901348916
936088661517271070
936226959225151508
936963782880657439
937066680918618162
938183770534740029
938275042574340097
938476519288893482
938479028174725172
938773463798267984
938817804851904552
939169049445797899
939190282862358548
939277482769670154
939559698812784670
939692186566549596
940084980850262136
940089790236327996
940217069553741844
940276582726127617
940441324291751998
940524796507201546
940654185064595476
940815412919173191
940902548611686411
941242973432188928
941717114698489879
941854211208015882
942007460129038406
942104686276788286
942303034162180117
942637469571088454
942739462071390238
943183341656625262
943189643493519391
943458256376987660
943486375708209162
943699014757515274
943817923322077224
943829591506685952
943933755263967262
943946433072095233
944206729678303273
944225671583002634
944406502855299112
944520128991756328
944552990197575701
944660589689589793
944792548659068959
944980731782914138
945472844668764180
945499853100834826
945811061284700171
945947169955913768
946019894384791592
946021355059548240
946022773061472267
946081507737497640
946204543522324490
946318070513811526
946709140670132255
946744425625841666
946755420775657493
947475171135070280
947979297648431145
948017534593015908
948117460828164116
948124218644631563
948310265508798515
948350540461518848
948418124905054238
948620063483777024
948893686249426984
949035896538271754
949181231042547712
949195068953198602
949428810321903717
949535549348282398
949946495975702558
950455893424742450
950464826478579732
950848866251591711
950865846086008842
950974573682241556
951013213414236191
951193767870877716
951301608334045234
951328722601009162
951540828176793670
951602821306929234
951796635552350248
951884752871387166
952091699222552599
952134012934189096
952186022790324254
952474806291398706
952577814593433740
952635236615856178
952706433516990494
952733404363882537
952795492054605865
952853568719847484
952977564702482442
953081274988380170
953454394442129419
953618354772521010
953693861706874960
953915192641728522
954085184465174618
954129202142126130
954204223862616064
954555329960636446
954633022534221887
954671957897531412
954991555561787392
955126065074962503
955248724374863934
955331443075207200
955392059597004811
955990075341156443
956137482418798623
956237200314470582
956384243326529536
956945663931863110
956970824408113213
957152914651111444
957164778030268447
957190747193479228
957285310646075495
957627628993536030
957677800645615638
957893851035623424
958049772470677528
958256688836775947
958408511572807811
958526979991306304
958682192584798218
958719298233331792
958779322255155251
958880175364382740
958974127761420349
959058372324360233
959129219881910322
959139339361722439
959220230394085416
959288826000465920
959419050881056798
959531087103684678
959551629705756692
959803191548071986
959986853782626305
960039007293673482
960156145627049995
960245142021881957
960382895917236284
960605527191220284
960606699587260456
960972619220418642
961080610477207562
961156856250777630
961524142388166676
961554357097234472
961727285625512017
961767574578790470
961792275631972372
961806271915368469
961880600300617778
961901402458824774
961910241539293224
961924506560131094
962005466689466368
962027135730614362
962446701254279209
962707106799181824
962897061085323264
963009558811402311
963013202688499712
963089071511592970
963159350602526760
963293701206073395
963391888432447579
963446203654230069
963452135163441225
963453663123210340
963456569641697280
963471370107363450
963644814610563092
963902983949660190
964054881856012330
964066300232101888
964107802379444244
964146092184862740
964162718758240317
964381718075277313
964439255344640020
964519920098500628
964522714033438731
964549695189966938
964564888406081586
964812087475965953
964845748527202375
964884247464796170
964912507183566888
964972213637877760
965024731990458469
965075214838923294
965101354953621594
965656539094462465
966059413922279515
966149112640704512
966242106802860045
966301358066122773
966319942729351238
966405616111337512
966722713228050456
966817891540422687
966889871262224424
967468344154419313
967507968532815872
967621796918599720
967913440532398131
968268073276678174
968320354009358387
968393244851437638
968710747066630165
968773399138693131
968874741085642842
969266010727276655
969308852283637831
969479739100246068
969658153643950141
969779413573050428
970181076054069308
970199535936741406
970598463010115605
970855557621747752
971109638026174504
971226959591911474
971303923560353812
971320988472082502
971332142929944656
972129361106980884
972539411285831760
972580214460788777
972865431952060527
973345644913774633
973567112499048508
973931548506226688
974032011377381437
974037375225319534
974140099073822740
974244664850923551
974361857538293821
974563230699642930
974743864470560788
974855500187463740
975376684788375577
975412290381807626
975597294193872916
976350775368384542
976509844909613116
976550735737155604
976601334474240050
976984931500707940
977560522272681994
977588133594025985
977834863723954236
977904488922882098
978538000713674792
978673710397526036
978673728063963156
978826609643651103
979073407666765864
979302984305483776
979396114765721692
979511725344825375
979786996497121301
980415549270016021
980548135954821190
980653408107241502
980762011837272094
981169957104680960
981235535936892928
981241636786929734
981694633849544804
981738936042921984
981819555544436746
983027408561127495
983050919346335764
983189529651470367
983291674446954506
983412068675891320
983823448893694054
984017581419663400
984121084121067580
984227178600345603
984451237959331861
984696338123984946
984920783753199687
984964538438918215
985036105256689674
985202307799085107
985423634338312242
985749407523799040
985943873631170613
986203476566605824
986654351688859668
986990856940703744
987322117412503572
987431526411165787
987511457086324736
987591332447006720
987698240071823440
987759759669198919
987817964709486642
988139168993517629
988382788816359434
988451710248841276
988582505898729533
988592559918030908
988635904593780756
988995480878989403
989919218944319508
990001249107718234
990021357351866458
990232147342295050
990324966622916639
990349624520884226
990459613277225031
990649594847301642
990684424163188797
990831462246940673
990986152628600912
991319970376065074
991321991825068082
991900201046523955
991923363826126908
992051600807960586
992389048750571692
992532523915677696
992841381502517298
993967923385348146
994800435871354890
995079080741445834
995744574033113108
997577971604930601
997830721097957426
997874315389317191
998327089029722123
998649150302330950
998936494800646154
999430660370469014
1000478174972485733
1000931435844210789
1001877679945027655
1002416672486981662
1002788584895545494
1002957571612741663
1002960920999383041
1002964396206727249
1003016854136180797
1003183666136092682
1003578339950329946
1004043425101910117
1004396081653747833
1004401866370719795
1004797713768009770
1005384194819620884
1006585097903935538
1006593043224342619
1006718369791230104
1007388809702408253
1008485207814455396
1009765072362545153
1010798503670325269
1010897076655243306
1010950966331330690
1011833248529272923
1012179470804856973
1013830856764313701
1015417752674115646
1018253413361917973
1023857054730944554
1025614032138403971
1030841901739413606
1032115323840774154
1032929334744334336
1034298473601826846
1035436542124113920
1036691539046453388
1036828041378267157
1036869821163376670
1038579239886258257
1040061978519011419
1041212578493386822
1041684588986126376
1043097910277058583
1043426484288757760
1046166989992894464
1048385742319124480
1055107898084184146
1059868889518981163
1090812616538079323
1103034733975318578
1122852968174190682
1195510198580813929
1213624254550245436
1285467416331030602
1311401122799423560
1326749316760469536
1336076917664911361
1340752629348827166
