148853810322866176
173553706665639936
222039553299447808
273208023424434177
302816779930042368
311889350340247552
333700116948975629
366053068162334720
388006758033129473
409925834770481172
413072045967147030
446034540578734101
449815153178050562
497397826981068800
518569283262087198
531158420221460506
540565062058901515
558074632112963596
577508608292552745
584460833828896780
594183802470006794
599343804574728201
621759375220015122
627209413408849940
628907473197072384
637624406327296036
643074258574245910
657699180399296537
683288890127155207
688665512174944258
701662969481920571
705182217042919495
708221205412577372
713761264567844874
715726760016085033
723927927216930906
725078815734235266
732537820786327552
736277686409887839
736714931264553021
737029769736093783
741345795382706288
746141303217061919
746917067730452531
751650375593099284
752009770398908486
753459940063969418
756108302093647882
758104636115779616
762223477586657290
765289828895424552
766777908144242718
777325653569437696
784989956807721040
794691398829867018
801366354316754945
805495106219016252
806849837500465232
807607061163671602
809954764229705731
810771065248284692
815507421228695562
818336078859599913
818866772764917832
827375612300754944
828421795861758002
828669259378589747
829284695304699954
830827719469957190
837394429534666794
840564896143900672
845121556762066965
845329061689819196
845952782531821568
846349739192745994
848590533869174784
849148663016194058
850964207444033577
859746256879091722
870740678215344170
871888982424821781
878873149125578803
882153323191476247
890870347837091850
893610891872960553
894785840469909505
897926814058553365
902671693191970897
908507757316042765
912140625275662388
923359218239672400
923882981309964288
925369120667623484
925585995976560640
926883237786157087
926986544278020107
931098048166240257
931299209150345307
946451267683766313
947322361655492608
952764564502609960
953076353048117318
953089216005427261
953661136685916170
961718084643745832
963365501260677140
964104145084772382
974634150445330442
977278967180574760
978675214571413534
978858153053650984
980672281749647390
980830496990838814
984097798549045288
985676575502630972
989520049113018410
992575879387557888
993920274594537472
995415336780300368
996645839810342963
997840753264951316
1002623005442195526
1003864667787108382
1005932769106468957
1006156737214173315
1009226438332907632
1011880504015982654
1013103125990744144
1013534530113654896
1014721535661056101
1021258322034315295
1025421780875223050
1028818100415635486
1029537425795588136
1031267950570786906
1034363957911224381
1040627770990010480
1046428935199666216
1046580907357777950
1047474220210335754
1048748055995895810
1055498787797340201
1056184928125059152
1062590460117389393
1066336208394920028
1066430076327055402
1075159732798631946
1078726825414504559
1078799321438363768
1082103349253513236
1083774058719629353
1086234978192465920
1089788576797032550
1090511914498535564
1091145594246025327
1093118265703809084
1099912718229717025
1102404698897645599
1104458905972658196
1107580907486986283
1111409181908553798
1113495128993173607
1113959423447150612
1119931087133614150
1123182069015662694
1125191103008743565
1125509313469882438
1129195316768415857
1129849470998294698
1132428612159680582
1132796264908595282
1134107415953027092
1135216822170427463
1137804217373970483
1138015730516905995
1140269459446190104
1142137013873672212
1149609931117428807
1149783980468601023
1151106140520845322
1153364097660887141
1154714677276856320
1155238910734114826
1158452494351995013
1158655996353314866
1161422712535785483
1168629797459607622
1172961680179875957
1173831887530229844
1174091241667960934
1174983993616248914
1175478486174019615
1176661548119375981
1177688781256659105
1179205969545281642
1180554305825149019
1181076052659929099
1186116974745501776
1188913848263118919
1189652382158692412
1198272129616068638
1201233199196557397
1201281939550769344
1201315662585401446
1201659570724802561
1205528666310836387
1208274378786349068
1211856802019409960
1212201068352774195
1212451482830372895
1214427227987509312
1215862919066161192
1217633557749567501
1220687591309840514
1220704958907945023
1221995264747896863
1223685728802832525
1225595337310212096
1226446260236714055
1228585000556036106
1232569173167833090
1236619298752036904
1237062568422539438
1240258849899024466
1241132420112191565
1244745667168047234
1245311295662592041
1245834862099693661
1245933753289670719
1246434607323287633
1246880591647867021
1247255101689823429
1247717566030544979
1251906146059681939
1255069914847383553
1255318116561326134
1255978990532034592
1258118186629337318
1260654207682478081
1260732138353856642
1262484551284949118
1262641717891305609
1265870472202158201
1267943099355762748
1268024462817886301
1272127364158980110
1275918800499245160
1276067000468111380
1278120883957006359
1278900722557255711
1281466167931961445
1281597242834157600
1282500389723443222
1284303153680089090
1288623816112869377
1289001766238818376
1290104310075752521
1291966498377830432
1293791850624188430
1294954560955351110
1294998676598685701
1295132210906796073
1295637457261563964
1299995224558407731
1303373772585308194
1304256320433557504
1304977077333921824
1305322465722892323
1305694746731352074
1305743854619852800
1306902677732462592
1307272820849639424
1307597153455177751
1310410585480888350
1311441090594734173
1314894609050108005
1315517798214008853
1315712641250889799
1320499049107034195
1320616972735483981
1320637533792763914
1322459927037476916
1325376530414698527
1325589020968878154
1325966944364662894
1326640174997700699
1327066434584449130
1327139563780702275
1327460168635650099
1328389815804362762
1329436159440457832
1330378359884087341
1331028070492274779
1331225232471752817
1331248284232318997
1331523287309750274
1331555128536203349
1333312121521438742
1336194465701953586
1337679179436785685
1337852533787459584
1337934267459698729
1338450485899821128
1339012723215696043
1340348823721213972
1342038698015068200
1342186672825303170
1343053104802959410
1343447883101376606
1343504597024772151
1343630412223611006
1343869320719110209
1344380945670602804
1344763300000305242
1347779652613046404
1350857097520091247
1351820519619432549
1353391575991849058
1354853436595896472
1355629742610448575
1356067260850114570
1356221887687954462
1357029095195807764
1357905173514813500
1358349133068632187
1358605377477808349
1359151410218012902
1359934818946650383
1361146029222658128
1361796226290549048
1361798899995508961
1364533722623508521
1364891764426670120
1366113927754158220
1366358963666550845
1366677222135435275
1368457863562792970
1369450872215441468
1370303701444722800
1370315651167682591
1370897704368082944
1371110041536430120
1371596791497232497
1372064257616646297
1372624631063642152
1373925178857488384
1374215841410977882
1374783833123061892
1375502309823483966
1376518247855161467
1377434036653391932
1377597528077238343
1377607681141116928
1377658099158220924
1378437138344972380
1378664727642771576
1379080385966772264
1379156565134934179
1380620747093049414
1380935467926814801
1380942935046225940
1381129034871738450
1381141660892926033
1382582162452123701
1382592571087519798
1383582805761458278
1383596340902101113
1384512531162464276
1385228765281521674
1385242646414491748
1385941757182611487
1386680701201678458
1387040052215025664
1387148063751147520
1387398387292311673
1388356845470482604
1388710674406051990
1389362296479809807
1389584504959795303
1390926247407783946
1391146992398503986
1391493360480419840
1393243011185643611
1393346115948253245
1393715557093736593
1394051527588712498
1394870528162140232
1394901911781511231
1395221170344820747
1395809390057095218
1395919697467150366
1396353576514752544
1396786360064544809
1397532672909377536
1397633236938526850
1398920669349150832
1399582270888611982
1399801865256042648
1400174832745971762
1400677810800038010
1401380715555328043
1401454902189887528
1401514992855154779
1401710233864241224
1402008434433593444
1402066770013196442
1402799387759087667
1403257092948889742
1403278160707190834
1403396336920825906
1403607936332464160
1403997042317197454
1404178028581359646
1404403100953088041
1404427102270390343
1404461579549806672
1404547343138951288
1404880843465293960
1405328701792452649
1405501937272619091
1405563919073804338
1405569244032139315
1405797933189824555
1405968090411307211
1406745307873804361
1406806057229226064
1407456609797406851
1407913145791676420
1408162696087601273
1408732309900759061
1408964767158374532
1408984380319465572
1409726565599940720
1409872671939891212
1409960063904514048
1410014380115886180
1410080689872961578
1410493943161819257
1410548609530724393
1410598914888957993
1411521454859616406
1411537438010114109
1411553874850087025
1412003487843094568
1412227665997336616
1412242127517257770
1412902008410869952
1413065298373775400
1413527893769715823
1413650724092514324
1413671708854063216
1413709025966686374
1413900366621184010
1413959171451125863
1414167292413214730
1414180379765506079
1414182973422567457
1414302116507418746
1414615169287323669
1414654956039962734
1414973891075379362
1415161499743420467
1415718927396245566
1415829855576133713
1416190459117568131
1416226552710041702
1416260522155835404
1416300501527433228
1416303025244475424
1416379230450745465
1416498846191714354
1417184896601948160
1417192721747279953
1417208749931761685
1417419041081000038
1418013154981445663
1418285826151944242
1418422690238304296
1418432164676239401
1418513431354544259
1419166526631841936
1419365348800598017
1419392414816403546
1419449923509944400
1419520617165885471
1419974720559910932
1420009716972654643
1420101245066022924
1420192797067051029
1420430579920408686
1420443313906909185
1420473351578583150
1420530600716013628
1420590961594990624
1420873575367442513
1420944050743410748
1420947403434889407
1421263348322009203
1421284535836086322
1421400814743978125
1421537056043176026
1421609657570430996
1421832173505351720
1421856906414264330
1421964220253343805
1422420573341876225
1422458085657542759
1422813426945626173
1422858091434610698
1422926671052406794
1422934764385472602
1422936911424782396
1422984439205728286
1423141128055816192
1423267909752590396
1423375476407406684
1423436417907818497
1423532036353949837
1423778173816144024
1423987589123281072
1424337648486453360
1424366880122081321
1424441144254795806
1424625591876845661
1424756627227021482
1424843614025945173
1425009313973272618
1425209171518816266
1425231822245331057
1425370578201739444
1425941237373862010
1425981634204799026
1425990366112251904
1426044956220461156
1426160752896512020
1426228920885186630
1426575164270837761
1426705384357236798
1426737452353060968
1426757842660233246
1426799204193275985
1426974308390928565
1427051751718260807
1427077657950163004
1427125474789822636
1427325020660830210
1427333889063387258
1427398818197930006
1427529912046063666
1427533823549378640
1427775323411451974
1427804722756190289
1427834961171452004
1427848230196084899
1427858207950508144
1428008943594242149
1428042768248344597
1428043744502091978
1428085753002459282
1428090736741716017
1428225133256118386
1428282494968533024
1428341016792006767
1428378064718663705
1428421175167549566
1428429831728664669
1428514979451109560
1428621224279281756
1428644928841322528
1428700721024335892
1428767377763340402
1428799194335805586
1428894579599605764
1428907521917194280
1428909937362206928
1428917243860877437
1428925463207743528
1428926420759089315
1428937116993327135
1428974691787342026
1428979727024132168
1428995754873061377
1429030610332029084
1429031994477641846
1429047652892409866
1429051682855325802
1429051867563819061
1429086702756040757
1429106479754907749
1429125305645273178
1429134532430270615
1429154509141053490
1429161867967729718
1429165615511503001
1429171409703403691
1429181701610803450
1429193903864545450
1429195981446185056
1429200320017207358
1429203159351562320
1429211894081654835
1429213781644542173
1429218515507744829
1429226518315270159
1429228887019225108
1429229724953088120
1429234243908800582
1429239484373012531
1429248716317003941
1429250251423744191
1429250507222024303
1429255145769668609
1429256468627984556
1429260256877482096
1429262784578981928
1429265693005713461
1429271653656821832
1429273184116539442
1429273404757770271
1429279070297915458
1429280069376938024
1429285114600226968
1429285248088281190
1429285986809938012
1429286783463591997
1429287543815536770
1429302271468114085
1429303403292655729
1429303961113985177
1429306016125943890
1429310776530964500
1429313503302520915
1429317653742354544
1429319547344916652
1429325683384909878
1429326574045630609
1429329794104823848
1429332162930540585
1429337453852102678
1429338842984611902
1429340509238726775
1429344717698498692
1429346274943172609
1429347499818094612
1429352177071292498
1429352686679101490
1429354567212073022
1429358981448470598
1429359154220236863
1429361865187917934
1429362438352146504
1429362629683576977
1429368597431455794
1429370845595177044
1429373528624468011
1429374252020273243
1429374723631878164
1429374780821475429
1429377999773503598
1429378146146455685
1429382583103524889
1429383629523390605
1429385512640057448
1429391864271732806
1429393071883288608
1429401256245596193
1429405258521514105
1429406759063388302
1429408448445157411
1429419610721222756
1429422070302904412
1429422762350350366
1429422882852962314
1429424831832658014
1429425469685633184
1429427965225205771
148853810322866176
222039553299447808
273208023424434177
299677716742144003
302816779930042368
311889350340247552
394378256889151498
413072045967147030
449815153178050562
518569283262087198
558074632112963596
584460833828896780
594183802470006794
621759375220015122
627209413408849940
637226563146088448
637624406327296036
640108267095326721
643074258574245910
657699180399296537
688665512174944258
691971536088858704
698264233611362314
705182217042919495
714417010292949063
723927927216930906
724013282318483546
736277686409887839
736714931264553021
741345795382706288
746141303217061919
752009770398908486
753459940063969418
756476861961338890
758104636115779616
762223477586657290
765289828895424552
766777908144242718
784232311658512415
801366354316754945
806849837500465232
807401149807329311
807607061163671602
809954764229705731
814077908456439838
815507421228695562
818336078859599913
827375612300754944
828421795861758002
830827719469957190
840564896143900672
844025553894899743
845121556762066965
845329061689819196
845952782531821568
848590533869174784
849984491144347729
850964207444033577
870740678215344170
871888982424821781
893610891872960553
894785840469909505
897926814058553365
900231397057380362
902671693191970897
907254305185235005
908507757316042765
923359218239672400
925369120667623484
926883237786157087
926986544278020107
931299209150345307
943574028642287646
946451267683766313
947322361655492608
952764564502609960
953076353048117318
953089216005427261
953661136685916170
958135339921317908
961718084643745832
963365501260677140
968229623487946853
974634150445330442
977278967180574760
978858153053650984
980672281749647390
980830496990838814
985676575502630972
987698281863839786
989520049113018410
992575879387557888
996645839810342963
1001421712660889670
1002623005442195526
1004059352761647216
1005932769106468957
1006156737214173315
1009226438332907632
1013534530113654896
1015898229734375464
1021258322034315295
1028818100415635486
1030760509886181457
1031267950570786906
1032335412347285546
1034363957911224381
1046428935199666216
1047474220210335754
1048748055995895810
1055498787797340201
1057693175164182600
1062590460117389393
1066336208394920028
1066430076327055402
1075159732798631946
1078726825414504559
1078799321438363768
1083774058719629353
1084631574387105903
1086234978192465920
1089356905748643863
1090511914498535564
1093118265703809084
1099552578892738630
1099912718229717025
1102404698897645599
1104458905972658196
1107580907486986283
1113273455689867284
1113495128993173607
1113959423447150612
1119931087133614150
1125191103008743565
1125509313469882438
1129195316768415857
1132428612159680582
1132988980737101865
1134107415953027092
1135216822170427463
1139877092461395998
1143512566983827548
1144824873777123388
1149609931117428807
1149783980468601023
1153364097660887141
1154714677276856320
1165466651777572914
1167529278582292490
1167540111282540635
1168629797459607622
1172961680179875957
1173831887530229844
1174091241667960934
1174983993616248914
1175478486174019615
1176661548119375981
1179205969545281642
1180292065804951566
1180554305825149019
1181076052659929099
1186116974745501776
1188913848263118919
1188929536025444425
1189652382158692412
1198145585472094238
1198272129616068638
1201233199196557397
1201315662585401446
1205528666310836387
1206853917787553813
1211856802019409960
1214427227987509312
1216108166400446576
1217633557749567501
1220687591309840514
1220704958907945023
1223685728802832525
1225595337310212096
1226066836530135080
1228585000556036106
1232277578958508057
1236619298752036904
1237062568422539438
1238509799222673480
1239604235910385666
1240258849899024466
1241132420112191565
1244745667168047234
1245834862099693661
1245933753289670719
1246434607323287633
1246632577331236885
1247255101689823429
1247717566030544979
1248155358539808850
1251906146059681939
1254165299176018032
1255069914847383553
1255318116561326134
1255978990532034592
1258118186629337318
1260654207682478081
1260732138353856642
1262484551284949118
1267943099355762748
1268024462817886301
1268308439889743942
1272127364158980110
1276067000468111380
1276968997975359509
1277831488947097682
1278120883957006359
1278900722557255711
1281466167931961445
1281597242834157600
1281944427639603274
1289001766238818376
1290104310075752521
1293791850624188430
1294998676598685701
1295132210906796073
1295637457261563964
1297129006994554932
1300197048817029200
1301016970036117596
1303373772585308194
1304977077333921824
1305743854619852800
1306902677732462592
1307272820849639424
1307597153455177751
1309976830492545105
1311403792016867339
1314894609050108005
1315517798214008853
1315712641250889799
1316860808742830160
1317703661354352722
1320616972735483981
1322168267653255279
1322430812448358530
1322459927037476916
1323154471307706489
1323730736104079371
1324523929280184443
1325376530414698527
1325966944364662894
1326640174997700699
1327066434584449130
1327139563780702275
1327460168635650099
1328389815804362762
1328655473083285598
1330096407599644704
1330378359884087341
1331028070492274779
1331555128536203349
1333312121521438742
1334851375133364380
1336194465701953586
1337679179436785685
1337934267459698729
1337970406124028056
1338450485899821128
1339012723215696043
1340949509508694057
1341589845298122876
1341809880763334667
1341869237106511914
1342038698015068200
1342186672825303170
1343053104802959410
1343447883101376606
1343504597024772151
1343630412223611006
1343670795548753943
1343869320719110209
1344763300000305242
1350713316779233291
1350857097520091247
1353909631692570684
1354083796563132416
1354853436595896472
1355629742610448575
1356067260850114570
1356221887687954462
1357905173514813500
1358349133068632187
1358605377477808349
1359151410218012902
1359707653223350283
1359934818946650383
1360265430614282271
1362304023939649546
1364533722623508521
1366113927754158220
1366534787002535978
1366677222135435275
1366815460103819266
1366958936627875900
1368875742707974186
1370303701444722800
1370315651167682591
1370897704368082944
1371116958891643002
1371596791497232497
1372064257616646297
1372624631063642152
1373364393915449419
1373925178857488384
1374783833123061892
1375502309823483966
1375779436212912238
1376838550930329712
1377597528077238343
1377656853290549278
1378437138344972380
1379156565134934179
1379757877782384702
1379882853633884261
1380620747093049414
1380942935046225940
1381141660892926033
1382346074139787294
1382592571087519798
1383360634367774743
1383596340902101113
1383832411154153493
1385228765281521674
1385941757182611487
1386680701201678458
1387040052215025664
1387148063751147520
1387398387292311673
1389320127157370930
1389362296479809807
1389584504959795303
1391146992398503986
1391493360480419840
1392599566519500852
1393243011185643611
1394051527588712498
1394216414717677643
1394870528162140232
1394901911781511231
1395221170344820747
1395809390057095218
1395919697467150366
1396171995993079809
1396315577810813032
1396353576514752544
1396649259448930359
1396786360064544809
1396964787757519063
1397407012274307153
1397633236938526850
1398389033381400626
1399582270888611982
1399801865256042648
1400535965382213795
1400774574123126804
1401380715555328043
1401454902189887528
1401463164536885351
1401710233864241224
1402450343836647436
1402492580448440473
1403257092948889742
1403278160707190834
1403838141957410826
1403997042317197454
1404403100953088041
1404427102270390343
1404547343138951288
1404880843465293960
1405264467792625817
1405328701792452649
1405563919073804338
1405569244032139315
1405797933189824555
1405878624682512537
1405968090411307211
1406500121272909975
1406745307873804361
1406806057229226064
1407456609797406851
1407794194122281090
1407913145791676420
1408162696087601273
1408732309900759061
1408964767158374532
1408984380319465572
1409098312245837945
1409872671939891212
1409960063904514048
1410014380115886180
1410042012782301306
1410080689872961578
1410835494920519770
1411471042647425044
1411521454859616406
1411537438010114109
1411543854259245160
1411553874850087025
1412003487843094568
1412142247868104815
1412227665997336616
1412242127517257770
1412526627006451752
1413167826856054879
1413650724092514324
1413671708854063216
1413709025966686374
1413900366621184010
1413959171451125863
1414047285389688987
1414167292413214730
1414180379765506079
1414182973422567457
1414302116507418746
1414550595460661372
1414615169287323669
1414654956039962734
1414973891075379362
1415161499743420467
1415718927396245566
1415818045263319093
1415829855576133713
1416190459117568131
1416226552710041702
1416260522155835404
1416300501527433228
1416303025244475424
1416816947101696131
1417184896601948160
1417208749931761685
1417371544245768223
1417419041081000038
1417434100633043025
1418432164676239401
1419166526631841936
1419365348800598017
1419449923509944400
1419520617165885471
1420008884806094868
1420009716972654643
1420104000770019409
1420430579920408686
1420473351578583150
1420500282449727538
1420530600716013628
1420585449474232350
1420873575367442513
1420944050743410748
1420947403434889407
1421050696417148998
1421055272025198633
1421156237361418341
1421537056043176026
1421539331255828493
1421577700077863104
1421602561789661276
1421832173505351720
1421856906414264330
1421964220253343805
1422458085657542759
1422745199393636402
1422926671052406794
1422934764385472602
1422936911424782396
1423141128055816192
1423375476407406684
1423436417907818497
1423532036353949837
1423987589123281072
1424337648486453360
1424366880122081321
1424756627227021482
1424843614025945173
1425009313973272618
1425132859957444752
1425231822245331057
1425267354597851137
1425941237373862010
1425981634204799026
1426044956220461156
1426160752896512020
1426201677140328528
1426228920885186630
1426495935352930354
1426575164270837761
1426705384357236798
1426708278104297472
1426737452353060968
1426757842660233246
1426919587878014986
1426974308390928565
1427029511853178910
1427077657950163004
1427125474789822636
1427207525219958846
1427297859929379007
1427398818197930006
1427533823549378640
1427706309821861899
1427775323411451974
1427804722756190289
1427848230196084899
1427858207950508144
1427974692463050762
1428008943594242149
1428042768248344597
1428225133256118386
1428239830659108965
1428341016792006767
1428345381179097128
1428378064718663705
1428429831728664669
1428514979451109560
1428568851494342717
1428571285457338438
1428621224279281756
1428644928841322528
1428700721024335892
1428799194335805586
1428894579599605764
1428903652914888735
1428907521917194280
1428909937362206928
1428917243860877437
1428937116993327135
1428979727024132168
1428995754873061377
1429030610332029084
1429031994477641846
1429047652892409866
1429051682855325802
1429074152274395238
1429085983902666894
1429086702756040757
1429119850684350526
1429125305645273178
1429134532430270615
1429154509141053490
1429165615511503001
1429167592232325201
1429171409703403691
1429176620752834691
1429181701610803450
1429195981446185056
1429200320017207358
1429211894081654835
1429213781644542173
1429218515507744829
1429228887019225108
1429229724953088120
1429234243908800582
1429239484373012531
1429245879046635551
1429250251423744191
1429250507222024303
1429255145769668609
1429256468627984556
1429262784578981928
1429262785229094992
1429265693005713461
1429267716426043443
1429268429323505664
1429271653656821832
1429273121449316450
1429273184116539442
1429273404757770271
1429280069376938024
1429285114600226968
1429285248088281190
1429286783463591997
1429287543815536770
1429288158167568396
1429299260418953388
1429302271468114085
1429303403292655729
1429303961113985177
1429306016125943890
1429309718245146624
1429310293854650368
1429310776530964500
1429313503302520915
1429317653742354544
1429319547344916652
1429325683384909878
1429329794104823848
1429332162930540585
1429337453852102678
1429340509238726775
1429344717698498692
1429346274943172609
1429347499818094612
1429348686382760041
1429349722702745701
1429352686679101490
1429354567212073022
1429358981448470598
1429359154220236863
1429361774104285305
1429361865187917934
1429362438352146504
1429362629683576977
1429368597431455794
1429370845595177044
1429374723631878164
1429374780821475429
1429378146146455685
1429378341403623536
1429379209914093668
1429382583103524889
1429385512640057448
1429391864271732806
1429393071883288608
1429396152524214317
1429397974387134496
1429400641637453905
1429401256245596193
1429405258521514105
1429406759063388302
1429408448445157411
1429416506600456285
1429419610721222756
1429422070302904412
1429424831832658014
1429425469685633184
1429427875769094207
1429427965225205771
