181629914548666377
325659951274131467
496737634635350018
662342685037690881
730532836150476942
741965151804325918
788402520580947998
815636229445255177
844728050967904287
854915689525411850
871158721609363517
883426059876442163
897908414066352211
987182510393933915
988348184172572692
1034214288589602956
1077303457201012777
1098091968082481204
1113975568334082108
1139354999659438130
1173558039081664613
1218670912845516800
1243151998229024840
1245477597438152785
1245739344837349428
1246734579373445211
1285983709606182994
1292535900357656679
1294017561897205782
1298882900896382977
1304440315150602244
1304889261862031441
1316922225235984425
1317270134980612146
1320061584294412363
1323826401823948845
1331837244763537419
1335074468728668280
1339050757688659978