464622516540014592
540064294457573377
641822383346548776
711653372318580817
810762796589383720
852457134557495322
904264601741455390
1051963714787623042
1084891915280982208
1116753023058858014
1158180063716589608
1173517198988431422
1193978748698112012
1210658876089696301
1216684340533137520
1232042480812294164
1234781369163583569
1251535214375600278
1254399879623737354
1262488990334976113
1273306832890237020
1279126116950605856
1328987907247046726
1329408614414290999
1330652082012684348
1342332408820793358
1347699855606157432
1370798801912070174
1376219133397696615
1376289336332521602
1378150648226512927
1384960153392119828
1399545632955568209
1400595834248364133
1401105584450961471
1409321498677870614
1410066055870681098
1411263940498948120
1411331569985126441
1411390446621556757
1411467862354165930
1411472962552332419
1411473912633622599
1411474399864950844
1411475298498646119
1411475790188511363
189114914017771521
449329918141267969
464622516540014592
531134428693397525
641822383346548776
645418019790520354
711653372318580817
713853646458060842
818251705576718336
852457134557495322
870376183697653851
904264601741455390
1051963714787623042
1055494701031108618
1084891915280982208
1090696050114822256
1116753023058858014
1131362342605701160
1132306885056401518
1158180063716589608
1193978748698112012
1205971887079825428
1216684340533137520
1232042480812294164
1234781369163583569
1243290879666683904
1251535214375600278
1254399879623737354
1262488990334976113
1273306832890237020
1296862479611068428
1324081774111887433
1324851505802772562
1328987907247046726
1329408614414290999
1330652082012684348
1333540383292133529
1338895940593123358
1340058580707180664
1340980888724308012
1347371992009019413
1347699855606157432
1367516507910967407
1370798801912070174
1373688816862236885
1376219133397696615
1378150648226512927
1378752945620914256
1382827845016883251
1383560893870379049
1383616371224739882
1396917328616226836
1399309453341495337
1399545632955568209
1401105584450961471
1402194535714394207
1405973946917982281
1406329251870933093
1406647348368642088
1410066055870681098
1410347113832906824
1411263940498948120
1411331569985126441
1411432234321186937
1411457196310659172
1411467862354165930
1411468979435737199
1411472962552332419
1411473912633622599
1411474141328183356
1411474399864950844
1411475790188511363
1411476892753596456
1411480533006815275
225008436167966720
464622516540014592
531134428693397525
711653372318580817
713853646458060842
810762796589383720
818251705576718336
870376183697653851
904264601741455390
1044327498097360906
1055494701031108618
1085646026729345114
1116753023058858014
1158180063716589608
1199524380141690988
1210658876089696301
1216684340533137520
1232042480812294164
1243290879666683904
1251535214375600278
1274157743598600235
1278693861689917524
1328987907247046726
1330652082012684348
1333540383292133529
1338895940593123358
1340058580707180664
1347371992009019413
1347699855606157432
1357763753126662305
1367516507910967407
1370798801912070174
1373688816862236885
1376219133397696615
1378150648226512927
1379772832380223560
1395070063517634684
1397220733704474634
1401105584450961471
1402194535714394207
1405973946917982281
1408608347967721512
1410066055870681098
1410347113832906824
1411263940498948120
1411331569985126441
1411390446621556757
1411432234321186937
1411457196310659172
1411457202593726666
1411468979435737199
1411469010146693160
1411472962552332419
1411474399864950844
1411474770498945074