279129688138448896
433775062408101889
1007914924275667015
662107393039007784
796588555731992617
1257002129399218196
1263410726186385520
631519707928985650
1050488606629826650
981183158517117038
1007290289154699325
1047131029783191564
559519950591492128
1101931439584456705
842699732090748938
1053144891754029157
756103405038207036
872530004020445295
1260723210647765103
1117563956958085130
1081654765286592512
1260798801266868345
746034403356180644
818188211200720896
719127363618865222
923369609267150868
723135001754992651
336910599613317126
796888896855998505
924560446193795073
212172069079744513
837021386340958269
503493969137631232
420279171588030465
1081004363096539136
1126531623991660625
1224903995080839310
923367152092844132
1253120038186123278
1263837010398019616
1236623939455684618
1262945749935718491
1233817117795811511
1231812648472023063
1258653668849225728
1248791544132010058
1093454688348811344
1242676985352687626
945343283457065000
1062237619544657961
1214670405634097287
1260173027509927999
743242837050523712
1228006057054437399
1259601849435160628
1261063310971768963
1070015370246766743
1262482203640860754
1262385631871504440
1262712367079227435
1246580150078803998
1261650327464054804
1254073855203344446
1262221721071779913
1253167262421221439
1011019431289298975
1263435447036547112
739521793513226301
1262229787829600317
1263323344439218186
1263604569737531453
1262476900367073513
1261728346966986836
953910339282558986
1020457946590761001
1169815671408951337
897789910331826196
1165368268412960889
1259353927493615736
983438702644715520
1063095399683981472
1262384671723880511
861732109396082741
1202491239312924683
1263666819185643605
1261955191356395520
1263389145095471205
1200104335066021888
841834063262515220
1263113520027930664
1205388329072467988
738933875618611301
1263488017050370071
1263847582845636769
783638825863086151
1255418055635243039
1255664626155262064
1180839225382424589
1155387227803754587
625286268019802112
1170701252410212374
1244259821033885811
1259897242165313608
1260705513923153962
724408359175848049
1084445269770387466
937110289365753876
313381964633604102
1070457373988233317
1156865795767406625
1240424161294422186
1233313890704687124
1263118004049154059
1245018492219162705
1264059711389569167
1262123594960474236
1243174515576410203
1203606011840045059
1262385065317630056
1263898630956519427
1222053261528535115
1245123334824530031
408664322357854209
1252101364280983565
938392000179359786
1079494184488157184
1097174657477640286
759449592118116433
1262509845916028959
1004255371478695996
735984765055926393
1101161891163816077
1186495006052192316
1255481901649625100
1055518752520802417
1056822126591610880
1084841778827505815
609096170693984274
782429528940609547
1128392745237618859
542018504816066560
1219038094519697528
1204115651619459085
334596486484721664
1163460986502651935
1213543749611683860
1196879096546861119
1263208946055905384
1144629522768089239
1121944190784385125
872748893727760404
1262822677501054977
1261562711846686801
1047976576819671061
1140572048377258025
1227910504840957993
1152805309648216074
1117403351907319858
1260710029443731457
758734360345051157
1247950948202975322
946754049431191552
1067336619352395866
1230630718988750890
873054056787111986
1251974558802645042
1017757990088089670
922761804722102402
929592092467015680
1208892708542881802
447513415251132418
1251570457283395745
841444047599697950
929909785699188776
884697767321149440
695909352913240074
171051958658924545
1263404083788775466
1198927041978970154
1203732222885109773
883300692872294430
1251555026372137062
1201183640659431455
1262901093378297890
1262852061112827985
1221298498922614810
1244404064423383074
1237058568193310762
1263396113529045096
1257597279481761832
1250881646329331793
917787867353337879
958043465906802749
937051289198665779
1262750291409764383
1262707793207758853
951785975812599888
1255856452451696691
1184152150847266890
799551201976123412
1257039500824281088
1237929779794153483
1262752739184738324
1250039914561671231
898483124445536286
1263085997709725747
1262076600846127114
894709195260178452
979669747618676766
1263376138156113984
972729595398877245
1164582266471714947
835586822327238726
1262734996951535640
1224265287915012128
1251717172388954113
551049361102995474
1263660595920638072
1140898482081767425
1069377097044349009
1263367694707724291
606687577566609439
633006280294006844
1261319084776357979
1186495285606744147
1210352877768282193
814215588901683230
1226146386697785447
1167186964504649731
1263753920447254558
1232044330785706125
1214692132619554818
424422149193990145
1163414854103732224
1251421403048312836
1261045272109256715
763126835835437134
1093660899128127569
1247706244077195315
1148796876083167293
1260726581085601842
1049349269779398656
1076226734569050243
1114670723940745367
1235610561069318317
1010675816671236106
1241761343359422505
1125582344586281050
1189405705678106724
1050453016668540978
1211025605437431835
1261050502943084664
1252935842494681180
1263002740645167135
1245526000758952000
1260344346172067912
1262965831659425912
832319392964542494
1253306142675697789
1262285438094282812
1167401798999494717
1262312787170951182
1261539548744122493
1254515806004318358
1087320370580828211
1081224939702587422
1236739514030886945
1183368715438403614
630876694806396938
932715843467493427
1262635925884899338
1262327496389689399
1193284642716012636
1245309932044288011
1252774443416162364
1136502068669063168
1264079095004921856
1244643319040966759
773526253302972437
1262281916808171581
1063256233068478464
557977037063716895
1125065033873903626
1228199067276939329
916496501574877314
1172270564543582297
1180880581140156436
1250666411760816174
1252751220611747950
1227195159062646806
1248246554498961469
1191222725964988510
1252951305169670164
917479463405637675
1103348989920817162
1223430008412831885
1264209784509567056
1262779762967974031
1259283264678531133
814081248619266059
1200094041866506373
1148568327636131841
279276404221411329
990353241533464586
588083561626599613
703987499952898099
1239366993740697713
1235337929552035891
1216493148071792772
1250881444394438667
700434187634737253
337201625544523778
1246967171263758433
1020919979622805614
1263423081909719080
509194022364119050
439780077228523530
695355340434309191
1262410678766145672
1235547600728494134
1156719554123272196
891570841014382633
1220416553926004817
1149702170288074853
1208416952381607946
1218968878009553021
1242117940128649327
1250828682721755277
1119625179501436968
738544432378413058
1256752775812087859
987601290798465076
1261904813583630463
1262502456437506068
940703453188083823
1239178022221778944
1261873602999881770
1262925174445969408
1264097005760942110
1255841273684820050
1260264594509791394
1264059081644179470
321917293640548353
1250801131857383566
1256104762433208392
1211238895459766302
1263094075398295623
1261723963533299886
898798167276019732
1209545164524224572
1262485174935883777
1248041751588110409
1245235206307315793
1262854596343238676
1259684469665828968
460537086873698314
1243996998462476304
832381448664645692
1262745590052163735
1115263350587269240
1247888817726423080
1237889532439953438
1210958235692040202
1263738546825728035
857738321579999233
1190162264528003232
1122575784805159002
1224759602793414746
1062963390563233882
1256457164885594172
1225873379362603119
1197698756389371915
1262518968845991960
1018592096543854612
1262361611151343688
541259923137363978
296264982893428757
1173675569171406888
1199328938762182767
221445956720263169
902937724808474696
931865115849027624
1231646420772192316
1263850488554852434
1124614149381558332
754146620593143840
1132763676135411763
1263198696925958155
1230286446762397717
1263307328757829714
1094569998019727440
614570281931112448
1182187569551781919
732170313428893767
1195236410920271954
1262732802991067246
755954955294081184
1201662551348494347
1232285391999074389
785352634037960736
1238607608471097360
1263122392197234762
1009933942327083068
691135060761640961
1249247255274328064
1244623418582630565
1263224857605443725
1263856672623825074
1206682565973639199
1202827196733984869
1017233414392381500
1155869004221653095
1258828228018180250
1118655873947021375
1262249145058594869
1060951890113863841
1258457768063668340
1257458944058724495
1188805556534784063
1251963140493672459
1264112545791479838
1143120448914198549
1025659062127435786
1263137614207389787
529077114104971268
1210452163864563746
1209512816839753740
1263048981747990540
224633998251524096
1261953659034406968
1262658696505196575
695445748296319056
1195279263289573406
1004277614288044062
1217508018120429569
955810928560070686
1261464364939214969
1028288766907011104
1255874093828411434
969460049728663612
1203551648673439775
1233585725841346610
1055833288486428682
1263852633194762352
1214671064928493618
1258999450295078987
1253186810440450080
1262808593867210753
1084326855294845019
1256871143273533523
1263153660830027878
1254168861868032233
445649662402101249
1261577188705173514
1071901345700917330
1229561907095277662
918754774067851294
1263589633309282481
1261338060478611558
743574491455684618
637666241338671104
160984833114374144
1262069348135338044
1250956782264914003
925471714597539872
783872613335302155
1212825408827826246
1257909321535328288
1246133584616755291
1122646183291142224
1122309548779249795
1262107218417811548
1220999444984500265
1182837811330686999
663738754154102816
720928969112944660
719569436171960352
1215945822198300704
1263536608972640308
1141065277640020082
1254120011870633984
1253170905371246723
1145883677872627713
1262441321788866762
1187923807017644073
1098247324054077651
1179177605216346142
852350925686439957
916642794695716874
1210959012380680252
1263403143631339569
1263544322792493160
1139251561831342141
1264037715280658513
1262288376766136321
1259739927370010718
1260809473522663425
1064204881977675776
1227072330757574700
1083563825548238948
1158503823418081390
1257015075102003221
623974137488080896
1263254082739503107
974296467537817670
1232780312795156490
914000572061999114
252413609601138689
1181947123453935689
1245583907827744774
1120638410412011590
808476773980438533
1240763229731553281
1240397714806673550
507646869342650368
1079472072557875222
697920486734037084
452247403571970061
1232270243490172971
721625965444333661
980831959909564427
1244221469190393895
1260860508098138135
986305466479046678
1148783944511262751
1264010454280441966
886149420385730571
1255773888093229107
1055084587363074058
1262439206756552887
1018214484923392040
866128354363965461
1084998595595472966
1256968651446423574
1263609446450331660
1177837339326820413
1262286223788081167
1260109657964281858
1251308713046835418
1263371000704405506
1021239247254069370
1262582864701292746
1260124172923961344
1257377536791412787
1261210016057131020
1263334056297500674
1009465261486772256
1211104951854563392
1262889144783343736
1259724050519949337
1086480672249622578
1262694511449215029
1264116541713158156
462399017565945856
1144421459805085776
1262236684838506509
687036102430687334
465678130544115715
1253876943615688704
862370530623094824
996446302848176168
1185944093185019926
1210827094473576538
1139691127851724935
1249819619519234259
1262837601606439005
1153612351724068967
1074888506800877579
779754424460771338
1099102432790855791
1222287608797987067
1261413266123391077
765038757770035201
830518036216676412
1030507175174479952
435823035497578496
1262034938140688466
1195047396573462659
1064640632125136927
797563949204897893
763776288082755655
1131652657560424650
1165330246166388847
1227094260298285087
1263640487424819221
1216937514095607881
1243704692786331728
1211837429275693117
960632050359095406
1200981651820392548
1260203980567478347
336329043794329605
1121666089353482310
692479686336446504
1119920485224955945
1229405203674169456
1123366060373069945
881949080136323112
1170317261463105546
1019611934485651528
1196272003745849344
327990811822129152
968741391721185280
1263005910310326356
1192446361241669726
1240656556325076993
1238668303845691467
818486211194388480
1256328213651787899
1262268332208427058
1262296499128373261
875510675357704202
1263518323782717475
1262244211005325434
1235397094156795950
1255246124932010076
383743026423398401
695836124064514130
1172701439622127671
1076163720192999444
994770056087076945
1171439190232272927
1220710853826056222
1107279302086627381
1139439275985879141
1262127077952589956
1227452929934360648
1115476023308464158
1262053971741114520
1249411063871570054
1047561188705321081
866686526669979659
1072520692563722251
1258605234322669652
1262522166503800884
768770153563160596
1141306400081985658
949478237115916319
426277797347065858
1262894876337639558
1218320440158847079
1188784524482580562
708184942244528218
1263068282366328873
1223567971163705406
1138556124744921180
981411967560482858
1256365319987920920
1264060818136498240
1080897871450218577
1261603824834052168
1250424270753103899
1130997535310356510
1231992371559010450
1215453901835206760
1262666519834398725
1157684330173300827
1263025330411798578
1228478895813034035
1246125961716568246
1147432733526741082
229037427870793730
1146508746705604710
1210031180007874610
1017462976179093565
1262572286934781987
1023367248351612978
1240099974792876084
1132131406575845437
1263454183781302282
1169943299243651102
1113549050021675040
702352868165812295
1003858530895401002
1198210645875757087
1259209184847724646
896956899180806154
1144515411807842304
1112178761392193617
1263596369940320390
1179944193070743674
179727469228589056
527235323038531610
1257402133691764797
836318839221518356
899235661293453353
1254363841354141768
781251683581296680
386395732418232321
890267759324319804
713828581599608854
865641010717655060
758384824703647794
1262080964268654653
691624066557149245
1257024784559112314
789387212521340948
1262231872549683245
1167155415826563195
1225599312864477184
925538558696112178
576271295583354880
1128613849130598420
1257941893069668383
416657837066813452
1263353149272490039
1263841230647984252
1261841734858575925
1021391140848676965
1257666296729047115
1262692631767552053
1263007736472535062
1256691324753809458
842237381988843540
1207759025567957023
1207777892239544412
1263329002588737566
694548495121776680
952594976196415499
1264233067778805810
1263023587485286420
1255980878115373177
1229542235767312395
1004494587353636954
1040653999789068449
1141846125742133339
620661346924625931
791917841544249364
1213467721132408922
1199345333696741428
773342825159983115
1263367931337769042
1235836522142367755
1260243384900255774
1236537062145130506
1262387091136970862
1030267491773075546
976260565464924160
1263559542579396674
1084395864799318107
1250447590005412055
1263711363654619278
1262483449256870067
856644302600142898
1263276221446492173
1253041819785236554
665947291466727425
1221690024186220666
1259566202175619184
1263233067422584852
1124376916665847880
1191635707383521320
1125967848645333084
1240800724904837202
1253595641746165894
1063929474435002478
1260845594998607956
1261780508996800594
1187610054246023208
1256234035676713023
1195881219385204800
789637786444496937
1135846240895115314
1256696611766276169
1053448303116828704
1120455996129685514
962014995795836928
1117920694609662033
1262038484848480401
1165581847946874900
964181699191783505
964833596504436826
1264013065314111551
1245191898809765972
1254985639837962253
544909760470974496
1256806645976141875
1247303731662290995
1223721182738776094
814688119000662086
1261211721607938132
1260866236045201448
1157288510940774412
1237456180591202365
1261629684395933749
827942808954077196
1226183652661268512
1259581716515918004
285088206402355201
845695852470599740
1258932036987650292
643388659164250122
1259852700347138071
810209018790281296
1263591884438241292
1256500636518977579
1190863736374829151
509382029834452993
1220561563006533683
1258523698059673764
1260641522555289782
1262090748304556188
755992878597013645
1261045866404511855
1232779870765977741
1263603403473551444
1262067552000020563
466070985896886285
1264131316807372843
1028620893640994918
1246911433703428227
1246603577548345395
413713487265660928
1235535949086068757
695488366334050304
1234345141649805313
1047286715309629491
1216841704523567109
979883763699957831
945328812802052116
1251232332518654002
1255535764658323588
1081748667502973010
580390287122104321
1259801240255070239
644745124768776223
1159778070811643985
1264088216861020170
1254305315932078136
1244325689746915418
1194290174029471895
1227230898466848870
1247317785860771894
917485895450513428
387021742394310656
623893459136151563
1245896234431021102
1263082013720580127
967062701681565796
1175234926807879717
1252445150785962004
933610519544344586
1094305763465375865
1119978517820612759
1262477720487461016
1053478245519081512
1134405918902198293
982660348979056670
1185259677878079599
1262462397403369623
777279557447319572
289742709214674945
1069096127552565308
690133028575510529
1222264148990103628
1219859551713755301
1226748011296718909
956425048342810694
1262070675976360051
1263903780588617741
432223029901262848
1262938462164881510
916201041807159347
914485299088883762
1135867441990336632
1255470088367116318
1193912720584622221
1262155359406133272
758277512819900466
1259383403652972656
1263532060778434591
1181405563435880459
1239816615240007684
1203458620927250534
904744927827755018
1264043355747389592
1236040972702580786
1120948601825284181
1263164262503809085
1250662210770964480
1262133860989276366
1260165941308817531
1228007069182070886
1260223510664450152
1262665619141034105
688438485824176171
1011312264881635359
1224699134221615176
267612634868744202
1261750723205398580
1262973792498487329
1222073168651616278
1262033202110009449
984637478092832789
1262421944314101812
1151477438644224071
1255977015283159053
1262301806583877662
959771418827038720
1075155116686065747
1224051726223671336
1158454495945183262
1259967200127615119
1251414914732654732
1262800896316936403
1258466229220409459
568612285862641671
692540202027057163
480978408415952898
1202931983932465182
540843763078135818
1129602207059279984
1174992499165638660
949194281808187433
1257088228087955516
974516424326389800
1254996936155598949
1254604555128406026
1193571187545084026
924373847409569814
1219070456724717649
1089573704322797648
1188901470582603887
1250895897772953671
1103376828032352367
929587815266811945
456059463254802433
1251400606082404354
567454980110286871
962757814311354430
1262626549979545670
1259625554592665650
688526931121012757
1227436600389140492
1263966699065966594
599513908700774400
1074657223197868142
1263444700971532335
1259601724101099632
1254109410452832327
840384638199660591
1264031318971514927
1186932860247089152
1203135232115736626
1180988022376906853
1169916293084872755
852878957673447434
1262994690957905931
1262341892683862058
1264100540866891789
1264199448641404959
1262788091941228614
1178258736477917276
1006580330507014154
793199295057756180
1227791803944800268
1198985656140054560
1263929269126696990
1262989329987534902
1250905181336633349
1257124666024132650
1022454587879342100
1261536268827758682
1081651888052764792
1249931246700597281
1256125137716121702
1251334767631138881
1080162851362185216
966324047795335198
942070484164546590
1263466575076524123
1216050842776633414
1251985837189496882
958104267489673216
761820834179579934
643989282784018445
1185579225219084368
1253024878643384443
1252586703445819517
996295450594398249
1096776332328849498
1099001370285191288
1262462027746644049
1227626615073149049
1240484602796314664
1263711167935807550
1143399841679016057
1124453963094294538
1145105599940534353
1230886234063241237
1262907256467488831
1253770294305362046
1260397254536335407
932928365520896050
781292896925909013
1131432066333020250
921997713896275998
1238839008830820415
1157502323975794818
1187971224270274579
1263250551517352131
1245025312279105583
1264106193866068011
1263247633871536230
1262441385261400211
1257063559012286564
815823002645430274
1263906499256647693
1262475655216369766
1235303700784746629
807763485386866718
658922232290213888
1264066597304139908
1196828105998864576
716673805610909766
1147159685720457321
1037057278181904384
1073240209774350449
1044535737871249500
1029062104583503912
1030513439694659614
851558218495950898
943591112524853329
899124492490657843
1262181330544889950
1262330082505265253
1253271295634833432
888121615316037725
1162276257048838174
1261987215869743124
1251626797208961027
1260422419605225505
624756403709542410
1194626484237762592
1227584418982662164
1251253515431448683
1056733881954488320
812258409428025354
885372140403183666
1035337068127203402
1098581867604738129
1160596772264099921
818593885676372050
898995090037542912
1262290814596546650
1254482826485825589
1089719518093381712
1263960432905949195
1261558475444588624
873877980282228766
1262483111778713701
380517887376490516
550477004185534466
1256423391016124499
1090595387833856060
1254062788431843381
1234907806176383048
1134580603489091695
1159132284646064299
1237882295743025233
1140348500056477826
1244916862425235509
1262195305386868806
1246218413576028202
530376994928590868
1261681401934381119
977030253690093668
1024127397144039516
1263068517201346703
759105263734620161
1211029323407040645
364076285124935680
1191442335091920927
1262664708423417906
1256982012493828148
1219527101561176084
1068673676343513159
1252789639647854682
1238819730312269865
1233967776285327423
1246915850565582868
1168888595130622106
1260978282313289741
1251877278212816987
1260026884071358519
1254610509416890510
1263146136240259072
1263709389689196568
1191546468952178792
1243974999782457415
1221339415130144891
608513840740696075
1089119493017579550
1247464825387221044
1260954577088417847
622381551144927274
1245015885362630790
1163268355860467862
1250999112787169402
1255361391586443265
1261602905983811706
1258106158514966574
1263900300457017378
871896893452611634
485772833927200769
807727601962844181
1221900541102264394
970408168867893288
1264161997642272892
1262247463730024460
1224154661813223474
662077343832997888
1262195570068684801
1262936872364015740
1262924679325159424
1137461448465989802
1233091552331698241
726670447558525008
923069425777774622
1258768683791286285
1139393728172273734
1194579775960911959
1262238315894276198
709145392364650529
866429793201160192
1264028717001347192
1261785541872058420
1263046041960190054
633962202931527690
1260063591156154380
1262518835475517462
1262462415916765217
1207276786476650517
1262407843655716884
937917033058820096
1059651679370367057
1222216668625764433
1256859584975605893
1241584423418331140
1263210141033955381
1259165404656435315
1253523233215611013
894586677333479474
712804170582851585
1208532406206996490
1262232702485004370
1260076187368296590
1190761250255282330
918440546731692032
1258263318200717378
1109571216265728031
1129816289003720714
1213607843853369384
1220447085493489716
1253551085600112706
1161351245966094371
1263023600319991919
1166694728088178758
1175472433470390294
1225930296688640160
1258024315073462316
1204548414533017693
1169276642305257498
1245500088487514175
906992522981687337
912436987485626459
642181382952714244
1262185860778954805
1112806552278147152
1247882108949626891
1047796750653599824
1262790246987337761
1258436556738269319
1198904870619594803
1263880074692919408
1258069374124822598
1256588045524795414
1263164141867241598
1199649406119583845
1059774882470178846
1257955014866108518
908367058385895464
572250089045622785
964569202692349952
1195855772781924514
1262885091525267546
1035841631347286086
263633978789986304
1076344695707410503
848883707255324713
1251244277615562844
1140878347681935400
1263873034859839561
1221893082136576041
1262829396847235246
963447529897332737
953023524795215992
1263126015782162465
1208099542625419305
1262901145655836683
695705294122254374
1259888546114834482
1185438411243405452
1087776414566195241
1222818119509082176
1199123248173035642
1079454710563614890
1170044091069907107
1208930335195267135
1232947527532412962
823701695263539251
1223111612794146960
1076502021240262726
867429402152140802
1165331376036397178
759932251562835978
344605101219905536
1257048461220778044
1242967410303176850
1237596777893331025
1262336169471905832
380596847586312193
276696127342903297
1258107835506753567
753024586618110003
1164844923112140860
839199990320332820
1118791035460526110
793018662730465290
864121788996386816
1118633353848049774
890766605531902014
1136746109348356126
782444468178780183
1223322173528080414
1232534193066610781
1260174386024022078
1257742043715993603
946732765578149889
840921093040111646
1263459204350480465
1213649945198993431
1076606914194047127
1262926156194119733
724497009649909771
1149211761845739530
1259818678917271609
604328290882289694
1240443034626166837
1125251218986500227
1264076223437602980
1239921624677879812
1263718459687178303
1263709031734837389
941962079940775977
1216183954135187558
1046384175139266644
1262120336405561454
1123358695112319046
1235081339972096102
862981249479213076
1258745118119428200
1261827435540910100
942485493143199755
1225670673071079465
1247718641412345979
1172724265242603572
1135627053958447254
962332832464777237
623491583089705000
1243535767352115236
1178955508074418187
1046480333073305771
1255157523678363698
1197560569448890380
427547134032871436
1227366087050395689
1218613617578999949
1264121481630056530
1262955306271379571
1252491779664777241
1174848558634106924
880895824912076862
749913472900399134
1255838571085037705
971589331519168562
1262100631024308419
1118296236395610112
974280087304273950
1263201733157326888
1216538282284814470
1263309338542477468
751424081118625882
1175420657773858837
1054393749054169110
1263292839488389205
1176483704974086156
936214068946161665
768405531366522882
1248698292162924622
1122318585990230038
1224030605164154893
855367907029286922
1107765258103304273
1075839308965101598
1140721510177316864
1237286936205459499
911770414689177641
1262796695679533077
1228010798580895744
768592564676722730
1190780231313788970
1096344193632305182
1064270982027685909
1224348366939357214
1254247307726295064
1232679293226848347
1263340015526613124
1262030601540599839
819726077449732127
972270506231365753
1238004745549910066
830657087528239125
1147991846497304597
1246475382652145788
1042307340201902090
1081323087762563212
1246559060250071091
1228067668129742938
946754383725609021
823178173293527040
1147119831083126814
1262750477406306355
1129861164826890321
1161797296351088821
1259284033091928107
1239253276201848932
1241317049364648026
1151919654210650143
1227470412859047937
1263145413826056245
587429213708222475
1260635128485380188
1262287945323253824
1262092011566268488
1251289962347888642
1259393215530795008
1247492003583885313
591515035516403717
424221883144077322
1177380230613192804
1150575638638510081
1226583810578317435
1239434658513686560
787803852145295390
842819659811651635
1263581751540715666
1251810585427841111
1260901046159675454
1263415201156567104
1246520241656434790
1264107124431257646
1213714813797142579
1128375886954115112
1228851810081570897
1242674632499400746
1262695504576516117
1239016619632758828
1257463007257296951
452884882675204097
333842651797389312
1241326051276357662
1149542099646152745
1236863912360808559
1253021700552130660
1237802614280945685
1179119271297687665
1263540155462189130
1234227981782880281
1263723428960276573
1249218669607784554
1262320105652490251
1038736668330565673
850880003930325032
1258810593922519134
1226550902853341197
1264077022213443676
1261326891512762460
1263055095701045251
771100923077984336
1215245810367725570
1034097482365411430
1263299818281897994
1256292624139157646
1223664928024559636
1264218481105309763
1260190032061272077
1262798707481509901
1009774495562735657
1262911010805776445
1253698577964994704
930680899798986812
1236712488977043637
1074294973371002910
1263567284451020842
1261796777644789942
1223939864853086239
1153051943627923526
1262432649146794100
1256363745744257058
1262877845538214188
1096655450021302343
319918089720299520
1123791397468786799
1225913650922000384
1219159752756428842
1260794160030552064
1264239839125962816
1262636199168970773
1260411045449826306
1186763382410465321
1235918732044533833
885199069008519188
440630710831677492
928499013236449280
1078725766130438295
1201676701139206148
1207078992142663751
1262933139127402518
1204422714584997909
892168898705784852
1115170846122713088
857834172034056222
1250187335174197402
1041379061030723644
1165456093980413962
1256366581605466275
1260098323176493111
865843681645559840
1252378727950581776
816828951694802975
1238467122901024808
1204010127947071591
1259097867134570537
539925160594112512
1257751411874332785
406496908924944386
1263001641100120105
1129152824157151372
1254871960832315484
1250984277743505473
1229665687904063542
1177040316906348565
1247019346048450632
455754219501256705
1262116377020334214
983744761296998461
1262226712176103475
1255258788043165768
421132793154895872
966080349010542602
1263073908018647103
1233809321897361543
1223633351089455115
1149480669454536845
1263980951554359299
1243186697567473666
796711605844705300
1261883579621703852
1181425234964918303
808339439797403710
1240310309529456772
1263472310099120190
1178359518535622719
1062373539019239475
927518551856795678
1184545501425696869
1236165008203972719
792666979797958656
1233488163704537139
1258625064060981279
363130407509688320
571047952613638145
1200885872187428985
970974550210801724
1262188340866711595
1259848513831833754
1262284269628428419
1259671997257089106
1251909640191479900
1088988515259383879
1255152170890690560
1090620991396380743
1262291556237447233
1262535186231332905
457620395663818762
1227564051429855243
980648176287641670
1238530269976199281
541982821640699914
1258512890990956577
1138346942448029768
281206292834680834
1263390981852626955
1215248409141710899
521105995942854663
1209963001759928362
1262294267569770570
822437218475311114
669915832784257054
767071847430357042
1257758707769540679
951032157424484363
1256867743798657065
1263380325032005683
1258141503189028998
1253500056636756052
1130268336408764559
1174680481275580466
1255355628550094951
1052730208966410270
878071174658138153
899673156971810918
1255358584385175633
1073333367266869360
1039960640896372786
506474336371343382
1249051651072069674
970656844433473636
1255625217246756915
922806802935083009
1261467866578813008
1243651764238942333
649558050566438913
1263672176255696960
773871722864443413
1259143842956050453
1095363205120929822
1262715451809730620
1262321454003781664
807045906767020033
1015951504227704956
397098677535113220
1237511715273310309
1231684497129345175
1205001083315818537
1206047208051314690
1257085467606913223
1119584769685082213
1184705301497270373
1257169838485278833
1261449910109343888
1185990568036270171
1248212468895973397
1029405121026732156
1247617643834507331
1109167377536532510
1262084421302091818
1261878820424781979
1179951656738234521
1010412703845732363
1030048509925269584
540581248695795733
1262311551843700801
1190785198095355964
718347594279157901
236965206322970625
1231865200097886252
994491819947720714
1232206183276744745
1237496841298378922
659365937581129748
639439459514974208
346136530223497216
835826583687921694
1193423322931802166
1142545621937574061
1221894784717819964
1250784244200902719
1108145224326320230
1015382881452949555
1242514519104684156
1263131196422881422
1188955178188165164
1263139606124040354
1227025111295459440
1183050418054508554
477541113385844747
1255874270798544926
893885007184154675
328246912824246273
1227548615082508328
1256021343452004356
1088482163843932200
1236018087682113538
891716308159332382
906190833802440714
1263530859026452514
1143926558202015926
606762652060090400
1257887374147325973
1231173648107180113
1220452622415302740
1250007510946025494
1262356935534186562
1257075178219765813
1042744836916248597
1263565927493009429
631504806271254528
1124951792850059304
1235878131915690057
1230134914213744660
1139970225165570100
1171593581862064204
1164900864696254515
966137540006531123
1069723575034060810
1262559324547584051
1259168298625667076
1219626374252335126
1216175758125436928
1020507421988364299
822972551830831144
1263029974630137859
1235208471075618859
1203639005552578601
377922476652363788
922555160834748496
1127253225037385738
1243009437594292317
1118230191416815740
1201680111150313573
1264004668938256482
1237860940419174533
927372213001277471
1262419425186021518
1263172283430736017
1263106484628099084
1260616525430263941
1213837786864685067
1253240118588870758
1228631965066985543
1263187751935938693
1227308139976851557
1242509524095729744
1237760411671990372
829457702278922370
955583823758913597
1231269705109733480
1250155275751788686
775875946225860619
1263810208204066949
1160263083332206712
1190499247032901712
1080510954032337039
1262158572867817612
1161701828803706951
691271089245913189
1213226365504065697
1216488689719443597
1135796862994087937
1125600286237528184
1228513572082941992
1263107388349743104
1117160697080590448
1235126942064185427
1262351640032444436
1230028079812968459
1262627685390352485
1082716758353383545
1263490735194378261
1258999659079270450
1202253360728641599
1259145461324054578
884522519053336626
1000708789470773258
1150966640696111145
1236487517549891764
1261208217736708126
740668909363003402
1261650705610182759
1258544983846293545
1262076320066830376
933537792934412298
1125443769974657085
1125525655258411101
1263049095711428619
1237789712199188482
690859417989808238
1262895432347029668
804909335184539668
1227290981565468703
1230483032679383121
1225565681324392489
974192727895965766
1264037130850795626
1207699704327049257
1032683976491536454
1066258502345039873
1098403259166765056
1142810590075695117
592882848520863745
1222593378026389635
1051319685469179994
1027450203478954014
1259074350389137438
432224644184014848
1198289965239500914
1254418816205717647
856149704743190528
1222593256412676119
1243855473602465894
1235421301930201110
995233347955605554
768384273971019806
1262014202747551831
1207346467002523658
1072872491850149899
739569601901232190
1264182055558840334
1026619365719801876
1073743105402089682
1262388762013601832
1261015146537685081
1259186475610931300
1057255918577918082
839774981676466178
1015435948504383578
1135603896040042526
1262453075839291424
773976055966466050
1195550764131688519
446661312387219459
270320739633070081
622620222469308426
1088529444664250400
388687467567382540
1264051397050105951
1247733067578216530
1240469283356541039
1264104962770600069
827669539658793012
518515197074472990
991627555469795358
1158015201468223589
1259154836528566401
1227014182889586699
984163166424555617
960262591530270810
844266365091446806
1253043392313823255
1224783526306513007
1239222149596844042
1263150536589316190
1024375374915834007
1261366133471318077
1189637331825741957
1168209921385447486
1262399890747559987
1035422843627900948
1259849193791684758
1264056221716185121
1235248730374934529
1200888041678577684
1056499659054534767
1262160607315099790
1230859507664683171
1213422025641824270
814644789881602098
1201223749194743980
1218741307023818822
1220098817639055503
1252762526828068905
1140631709604397056
1213357008242085948
1262279851885461538
545975945916579890
539166191701327874
1193708227104342076
1262396522650144810
1256199219660853290
1102062761262985318
1263834742525132860
1264015867646181412
1245451050341634185
1237054218418786357
864844785609080833
1042824930909241424
1226067948389798031
1234563618394210449
1232037566224535653
1093434945210421288
1262131848281329761
692308586054811699
723091364920819733
1128346794783412245
1001449039314817134
1258748648569831424
1263161316030419035
1059141857352892466
1262867455076860045
1262469673715503236
1254841483115106389
1136191902606180372
1261673734805131309
1194435612158214205
1262357858456961085
1068785282540912690
1246855322887520379
1172619234677903370
776265220972085268
1263647038659231838
1263128218148405379
1262197841573580908
1232036855986389145
1014132318803337227
1263926955095359601
1264039706946179084
1260896943278784534
1262630655976669215
244163016663367682
1257871891486605464
1262531820801757206
660556642617786411
389401808285597696
1257483133281108002
1261882203542130719
792339979233263617
1260502818205339719
1263240671188488285
1138282333301117059
1262700532447969290
1250884701862891653
1185223707778629826
1263782198469857411
1235945927584518205
1262760344183378025
1057750092637012069
1168311872425046137
988119306187472916
1260525356327239721
1147315176803151947
1262162657969176672
1251621983708250127
1262383866736545826
688717781029355526
1192429940839288885
1098556936598859786
1262534740855095437
1262151910723420292
1150813411698028585
1113468435209408513
1262385806463467522
718532652906446908
1202240573969539216
1237647406615494677
1263463565461815308
1139178503825264742
1263141452645535867
1257732955904675974
1220301629052420096
964062276015517716
1261449954526756875
1255989616805285951
1264082196029898848
1261929805486489633
1263677787487600641
1246732878180646937
1144208676220051546
1210771902487076946
409228501779087361
1247332878098890782
1260842713708757084
939676036801650769
1250970578186272840
1262202079099752549
1263619894453469366
1256217881340018691
1165285161798225933
867177602791243787
694662383091843102
1252116951388520488
1250135849895592069
493257812198293505
1137136749999570994
1251760973912608859
1262948130257633312
1036930343753744404
1247057565653798973
1194825520576217189
1257784555549495346
1232048148730347725
1192539622840995924
1258424931104854026
814664051401293854
1246533918279073853
989421013609639968
599318519049617418
1143432083335807006
1263314601907322993
1032768317959704789
1171827228166860931
349387931615494144
1259242751782944915
1198222070828515328
1255215196432105572
1154230991691452476
1188845682413547643
1222353271516172390
1253927013920538755
923047697760538704
1260422145385828392
990325646934814720
1200827690652024865
820403321935626270
1264010978408796190
1188585550375039019
1049691925004947517
916660967583141951
1216239455401148436
1264027114055794824
1189920909625147496
1145629955946975364
1263877859819126855
1263107749773054035
1262574090993270815
1186788500738166886
1025965897162170469
1249787691911090229
1215467256612659280
840529159545684018
1194090415029223475
914209603166826596
707738810859126876
544085473627340820
1204879559812587544
1262607083996450876
1256901759557697629
1255061437500362754
854757549701464074
1259429769204731985
1152701241579819128
1008450359028613201
1004477084619509862
1129351353001578567
1211849110236299304
1211495608356044874
698187276953583626
970402085545836555
800608821503852544
1173273295727108106
1262626911448731739
1075776891048443944
1057048678747078729
1257353033403334756
1060326915296215120
1223829422931709982
1207028527963312209
1082088614944587876
1256526659192885410
1220198567361253481
1263903084543873195
1148913184443473970
1264098963234226187
696014294654910555
1247230694132940884
969271790822129695
972893599614263336
1146603342945062942
547542392992170027
1158619782552231977
1263769872492527699
1251821178574733343
1226713215908712519
1248834635702730832
1245101366569861153
1250855509599322132
806710972541698048
1187675578376146978
1261093547105452085
919337358397149205
1251269610087383052
976389674421604402
838972841428647956
1254542748745338900
1116289340692246598
1262729010539008061
1112284453629333524
1263412123586003034
845974999469916171
1254910507119411361
1249072956739420272
824717515715510352
1263524273990012938
634804859375190095
1244142487870771233
1259668387458711628
1171975111239282720
1261034870067429416
1262457411248324699
1254423133620928596
1138177696850001931
1263045687549886485
1170202214904643606
1263097874301059154
1263027610657493088
1262944778149171319
1124758886252027994
1257592158605807647
1167548010507555020
502573757005692959
1189104825296760912
1260973583962996817
1054146268127035402
1134074682186936401
1253841576652705822
1066099287303405709
1219253151966957605
1254487468573458534
970320276250308629
1261351148737265768
1262805836544212994
1256738849980416031
1251584970464559161
1264082576302149665
1262633341908160632
1197259566023463047
1228370457661673563
1161015957624459394
880034172004093952
1236636149003452538
1263452506294452237
1215346732590825476
1197138786333773977
1262299816189362210
1252733001826041866
1261686143250993273
1229256575584305184
1262810754453864458
1263500456844329022
880253278489829466
1184965809756438652
1258870143405129891
1263233843318755369
1260965032339177503
1215644495396347925
1253788980235866233
1239651032334733588
1262252327788744790
774657388162449409
793022771037863957
1261542700449009737
1206239224853037067
1258586545292705842
1263943980417290342
762932017322786816
1258397832075939882
1059115272822345819
1259811476391071816
770301508871782441
842685288328200192
891134925745578014
1261622364807102466
1212164103825657929
976779229259771944
1258909803057516575
1187253608232792090
544242341175623713
1255865058374975581
1261391615931715645
1143615532843671633
1106277500633485343
1263117519108046858
1260236739008794658
1223917010006835244
1249320256808419353
1262550587946438656
1083638259655114755
1183181211582083142
1105515503805538344
1263082068980797590
1055097689307611146
1254996867016560674
934950494466617354
787660506542374923
1122652706901852210
1259878603936497745
1233155261909303358
694989696723452065
810215918218641408
1190609782671933511
1153647937285525544
1262098350090748039
1233929131628953650
1183215652970954825
966409481883877467
773772998947504158
989338339645751347
463832063041208330
1221590041743327254
1141508540972937286
502670161283645440
1263760564673450079
1219454306747551794
1091712467199074396
1051228498548760646
1261691317394870415
1010356530857640016
1044937464135041104
1043540726576840715
1227798695744110683
934473753629433857
1256115274193567774
830123950821867551
1221568171597758607
514091974463324181
1261298621295497347
924642139189686272
755275925502951464
1264060470952722564
1260456283648032919
604120508216246275
1225244155819593788
1211705708249092126
1251010513698291778
1141642164439355442
636358978502393857
1264136867410874441
1162049032655474738
869225502601261096
1246849948729872389
1263544195587641457
1009134806375870524
779254342506381342
1263043977330954313
1262392791904813058
1262484167745343498
1256297245385424968
1221881306884079670
1253743433886072834
1132890422797152268
529768463489564684
1260462720269025331
267730719944474634
1257513627016237128
1221581201815506995
1182100836944453662
1257706568418459701
834632038027231234
1118123640655990855
1262092402890506334
1200110266063532043
520860680480358430
1264216280714706944
825032781880360970
1106857769811841084
1082126550289367130
1134257461889605673
1262054344891699252
1251771089684795424
1096800101395070976
1139403221337640972
933600440686379078
1262479038102900837
501757648895475712
1242930650168692868
1235163874987212857
1233160453153362013
1090684792690970816
1214635915276984361
1261627421820715099
1037829202709315634
1203449201590014034
1259038175419043904
1263139378121801781
962010803597352970
1231007016462581763
1169836216275963905
363131863038164993
1138256084499431485
891229088977653772
1260011437217153029
1262783929161748503
1109319478862430279
1255058801678352414
1227507135173361735
1262537481258270782
1254098602083745965
1116570835210211348
916047422520692796
1262195274776969358
1102509836551344158
1160273423713435658
1258759642553516147
1084194321873518786
1046683572125323294
840581212212166687
731790150341754910
515760971004772362
862344618200924211
1150179310917922897
1158908157326794762
1145006168788439210
869809175209844767
1212052994640838680
1216419083151605890
1077471217566617611
1259408482726056000
1261199708626485288
615703614656348162
1098314643014963211
919680056559824926
1109450455119056937
1249048423030722764
1066805887408296009
1109291298759913545
928027120746250312
1261895117401227356
1262020203399745576
700745683032080405
1263496895083446334
1261972775279661126
1263376229948461141
1262369471092232255
1263480437460697099
1261859973445455982
1262740507172278299
1262333050885242972
1134472986548781198
1261429230932070471
805363635072925716
1262777013622800395
1046642103524003870
754011534371454986
1262740264905343107
1261710188591972352
1262308861407137863
1262103583395151893
1181473278678806622
1227489665850802227
1263064247655600160
787607942270681089
208718832234266624
393103686206881794
1256493282683260969
992413249242923058
1262195087970926683
1262968045736034344
677621898590289955
739019457195933788
1261547615896469515
1014510256505749514
1178278007648039003
1263027456705560668
1259837992177111214
1249339802533494876
1263886584206331945
1254891364139667476
1149739426038173787
1205121683279847427
1253715425716338731
717635449060982844
1114592515765571655
1081597009057812641
1011365295711076402
1247546782884429888
1176390366052749313
417479077751160837
1172188543469224047
687541359556558902
1178713401321590794
1255006534237421692
1182598944161792002
1263870873765679196
976639923262205972
1257285246282371146
436529852233809930
831862111596445728
1213811815985971233
1256862764727668750
825412097118437426
1236706107364212768
1264005804068175872
1264131199148888075
433196431755444224
1263504907445731329
1262414169534238785
1263759533642354778
1227680048970993754
1255935582954065992
1257661076833833043
1126738587510124574
1198485800564830259
1175950618184130570
1261088822947614850
917992333268619335
994306701459210330
1241289944870293606
1230337426434691094
1232286561178222633
1218357792646238301
992972643680661524
1172940335299702837
1018255396470784120
571501419912232980
1252110845182349358
1124740814061445162
873282110251761664
707970422045671526
1263281531762507869
322343010064924673
1245837467576172554
773480178461573141
1255765550919975036
1215826032662282342
1239529419316396058
1257044391676215369
201171124749336577
1187829545240367124
1206686096126120020
1252006243090956308
1256940651346395136
1263094949344317482
868888878117949472
1253849437500084234
1260510311165984808
1263065869811191918
957688478156615770
1250494491442413705
1262344150607462443
932688466347708457
1127348308885655663
1262342991293710398
1262442038293692416
1263867527767916548
1186063901377450047
1104953650247385159
719741087434145842
1263568862540992614
907042623364141066
1224359923521949840
588911367793410048
1220056495396229131
512921969402839040
1251636676233531416
1230933645225758831
1263491289362599986
1263170002589061231
1263009608012795909
1260290728949715075
899673422811000902
1249763259385647136
989538043910320158
1252932779369431070
1210935477738414161
1262346658428223499
1262680477467148289
1260957650649092125
1263744273963290637
699156518183895130
1262363795456528439
1261371512720461866
1128005960477188136
995350777457545217
1242201725151084605
1222710749181509643
1225395370104721439
1155623645494911096
1264007834060980248
1230571525053087775
998408127227641938
1258356522459594804
1212480159748198520
1089029730738651246
1236742224419618828
1249845827833434212
1263833462389870745
1233025846915239970
1264027254472708146
1250508927133552723
829696217297977364
1261393291090595851
1246107139034972181
1217228918189457491
1140021411805679778
1115144610696671292
1204673504675364878
1080560414003306568
835925273278021662
1254371236604153866
1235924977979494513
534294914259746819
1250346664238120992
455520404660813824
1162984563061035009
1263686718364586036
436268151777263618
1230919897886888008
531206946783625236
1255789593853427712
1262959345617076294
1129971097127878686
1240244478976200856
1262395515941818380
365157775405350912
1262243774076026920
1152734691108069477
1262788269410877485
977624300838334520
1262692789628702730
1262064512429719633
1091822172294619208
1084269602340622356
986886326899048458
1256590091648892989
1235992672288641115
1244595598594805812
1263558193955475619
1204538307950936155
1262792917622194319
1109517733319688222
1040498676587581490
1246166055135739934
1249649696599703574
911587623305347112
1105355092703584266
964935267779768351
465568558961917983
697744588487655446
921915964554117151
1034999340411920404
1257535760320692335
930829188095680523
1245107274318352459
1058394582141898792
1252191062840315930
1249036967216156694
1262276305945366568
592857616548626442
1142743336151695410
1243567818432053302
674160353671774228
1264190118546112646
1263144659446665268
1258891650865041469
785701927950090290
1050697733008265226
469963448957141001
1262559043185279128
1262867368405762203
1249634796481675266
1230866797620887673
1249417970967515186
364328192489553920
1263075824572305479
1260404117613051927
971345467365523536
1263483271648514071
1092045862248648756
540764183545905162
1256291909073113089
1249784912622653620
1258597649188130828
1176139923951202356
1262687772620226634
610130882333900801
924718056293425203
1249717338169806891
1255098945546485817
811904523576672256
925778281272324138
720927627464147015
1263822277489983575
1140341593027653713
1253792578852225199
1084892645521887282
858948141286031390
1198169521278701603
1261628102677762050
1160641987918180503
1242404281311825920
1263924112292843540
1254663124980858991
962694627956232202
727986557721510030
698175336529133589
1239587370366406699
1253773184814022688
1218739340482445352
1230473584120561686
1054734985799663616
1262909164351389766
970324206959099924
764457115590590505
1190311994671239237
1230763803411742804
1166409691073613884
747563973225873570
1164051744762896436
1254415486091792407
1257450630747000953
735226121951641741
815975286742712352
1255514416359804929
1264188995286339634
1262660294656921656
1187094096666448048
1073708170918244412
1263932984118083715
855533481437823008
1188690093590970478
985529146102915083
1020752180577304586
1176884712917192706
1263083733897183276
1230297868883984418
1143256089236865134
870402369920331827
1206812104976506882
1212281432756453377
1014774379835576350
924324000782503947
1262755624270430208
1246434818082996264
767225486136836106
960096761974751303
1183496235936657530
1257381192395653190
1191609580950655016
1037891846363426856
1092747398079578182
1259590524625621074
1175663806324678657
1120284285585342484
555254305641332766
971250415926657027
1250104447128965285
1078720080822677644
1213946485930987640
1031661420896600074
1192854814103707751
921697882522918942
1257217917016080387
773128811990482944
1263880634322124896
1222671914947055769
870927258376888361
1240721470943002689
1124782799916908565
1256533110015791196
1230063538392010830
1036682234415042592
1263931504015183893
1262607155077447802
1115736442652594186
1256167533762056256
1117112581237252166
1135593818943651970
1237742723851620394
1086653172384276570
1193622555353948250
1088005869901455441
896033151401463819
1239211428041457765
1174875456483360861
1168330162392268810
1236759800553930866
1253546016498778134
1257447904998588437
1259156315113259103
1262970981429940350
1262003452268249118
1254674379803988037
1214660309244186634
426058415572385804
1028289890783330335
1231268672660701314
1203317846650912829
1257202188384600096
900159367431721040
1262123854260604973
1224676999566458881
1179133061208752181
1049782650023452742
1204649810456485889
1258501575337312308
1257368387936452848
1251441939824377954
1257704968803192947
1258206041816957000
321742967507255298
763917663323291680
806040404155433012
945810917902413936
1250895541894910046
1263718292443631712
1239940440447385716
1250036181328986153
804101763699179550
1088800712726675527
1112517390979301376
663865763928735774
1027359568071753779
1262572527780364289
1263711076470493267
1180730510587199589
1254812358564515862
1084288291798523945
1259792045837389897
1262285493903556670
922300595275202570
1246813672765132970
1180399968482238574
1259816491356913665
1207955911382007818
1221928360351895562
1146363297650720798
837822511777185822
1252973543482986549
1245806686900584469
1247261721245126691
1260831827158110232
653594021679333388
1244631117848641576
1259520028051505245
674330666451730451
848263136607207474
1172214710947557396
1185395924499964015
1260067494731845747
1264136418096189535
718417784215699477
1208582967228637234
959888603725570098
1263748289249939530
845178257413505025
1226035291098189907
1261665809130979338
1263282722776940624
1209349914434207744
1221811688949415967
912982338303062067
923874932717400064
1252962702465433685
1264054921217572875
1264241148642201621
1257183806977343528
535181849232801814
1197161584158572636
1263349497719820320
1173238243815342140
1246193114591531081
740734749923868804
599211747722919937
902541208717525022
1211321998366482486
1197563012626784257
558402544812949534
1262832540973137971
455950152092483597
1128849586237214770
1208740738465267754
1247060627151654912
1247820262636916810
990775433404493858
1051456603141980200
1167680671943229471
1217770692351889481
1240756057429512223
1260206240970182693
1260302832637313035
1197647807339827230
1263039214652624947
482203678997217282
1242370671749627914
1077182009677459498
1262445456944795799
1246826096272605204
1262204888373526538
1228335121485008957
927562162396880946
342491753565126668
825506352478289940
1218726125375721482
896692339102318593
769947321566756905
1205613269268697219
1241129125960355893
1052592176648953906
1174891092139855932
1250191933071167568
1238231935583784991
1261019230720233603
1047116251832537138
1253508678116708434
1259750558340878360
1092135297447375016
1139023191629639751
434651141574230019
946238106095476856
564231632589160470
973712184771231764
1263005767573835790
1233950137928384513
1050849696563871754
867785735963934770
1220455049759690973
926030779589488640
1248102423096987709
1139869895132201052
1262304325535924224
643181320188461066
420400352882327563
568750906619854861
1248050091688857653
1147396517565562975
1263536680376467572
1257610875574026262
1202530509125853184
1031269667026767953
819570658996518964
1215310433888763946
1264110830274871427
1157488350924640357
1262799471365066792
1114031895651561554
1254912600412786854
1192240152999899251
1261633560540872718
1239913988620288092
1220749242524631090
882796884652073020
769461310882447411
1178073903676002357
1191922023161675930
1219474582470262814
1256568361026977833
1214604812453154899
1253870589400187013
1244219389612658761
1262169872121462896
1090469953653723209
707159780522721303
575079419924709393
793660040229027861
616172792815288340
1259699995481866280
1262429038006243482
1153301050258886757
1263858326907654258
1189638637038620712
673078949407883274
887235870506229760
986577191045304360
247735900451241984
1262130791073452043
1245919265203421257
1001240088304427088
1262949039247327346
1135877214135648286
1128037678185722027
1089610178741162246
1252510546478239756
340481628310732804
1046579165199089744
900312249938378793
1262413848296685651
1262465477213683794
1262031171643248775
1246993138942345246
1198088225793785926
1222088617917284375
1160417114960703488
1256347675461423145
1261116389842878566
1263631006842224650
1263432603416137779
1140315784690810920
986540069542305845
960310026940076123
886412896215662693
1228480700236435560
1261757007329759352
1180566523123880130
1132013640799748117
1247207131665403976
1141491546924007495
770676645509070877
1252036882955632661
1263080438260432977
1257686808691736606
1262503332908634204
1264082983921520680
1217665951768641606
1222324093232091178
1164372339669073981
698513886051041301
1239019497315242034
1263057743854567589
1117062325413875766
1036831836015444028
867197257010905108
1263753850645385331
453057046892511274
1263344841538928685
919588049908793466
836711136619397151
1236728157697081398
1096779821641642015
655747904870416395
1072110961734975589
1137776642333360159
1248009821546872917
1260769572487696464
1261626980101783596
1179063364354326629
1206062297399693313
960595766198542358
1257634939780730983
872092213188898846
1197630765425492101
1258805704496779307
915548973450797146
1264075506937237525
1263916694678667368
1129114852724572161
1263400437600747531
1250398089160691749
1263017176919445535
936961344589152326
1262616627275497645
1253748942697529415
408370992625483777
1263049975663820932
1254370003008880702
507556793946472468
1262632145072164874
1224728251289702464
1239816989334048789
602087477343289344
1229815376062189631
1263216985206952068
1035192055154098206
1263884218446905527
1249060805253533798
994723791655673968
865315023132164106
881574793625878590
1262200308772372545
1249392054937845894
1262766829915603078
763249909335720006
1048163469679144970
1011216509042962512
456546885281513472
1259641528465231883
1262319637169700929
1263089829764141087
1233071289376444507
1245828011736043611
1057565244567851058
1128975586694545509
870873092132597811
1129038877420687424
701920733294755941
406541154486583307
988748502534352946
1087849137631928321
1254338133999485000
1247194734490030100
1261114285468287127
1248334936314745026
1251665380645011526
1254631353006293146
674908370771378187
1206419006266019911
1263227504597012646
935826369932316722
898224968045834260
1070689984379621457
762708940881395752
1260582872503291915
825261054665556016
1263523306049634316
1264173597082124361
493285086519754770
1263717695149310067
860496998037192734
909488761614774272
290552687424962560
1240198755609874489
1037829157540859914
1135744075446898790
1263844068555886604
1188500750687551508
1260397548263444562
1202613415642931261
1262598557756821695
1008506854646747216
1218168348127526912
1262229390788661289
1262765373883813971
1048680364379480174
1048234019491434586
910334622452285483
667787067765555210
1256839384959815690
1262384055245078568
1175938048731664515
1242483907006562417
981409538047631400
209063081005809664
1257964257589329961
1221145935862829189
716890380213157898
888600867392086038
1012133148366229615
1259920159724933121
1204838947151159316
1263145706227499029
392570211787603968
1087422803554336809
922746995687440404
717272573381181511
852908205448495164
576441096864006154
866545853573234729
1242814980160753749
1182842756947783691
1150279315431374879
1258776899900145686
518056530147409922
1224459156992430091
1127099170457669664
1255590099568033852
1238192010427629608
291746041114394624
1263790380114251857
1064597782792511620
1214253991064764481
978747252006875167
956645238930284605
1231980672671944759
1263760601444913174
1261732255592742943
1262360834760376382
1263077636075421788
1254135718234820820
1114855908682502176
1219570398916513823
633142761192685579
708924204501958759
1208088193035935806
1256771473603825726
1217975986688233572
1252428502947332117
1251759151588053003
1216897438653087854
1036307207265980446
1250059409120301096
1061853570741305344
1263327212644597883
1262381726777217061
1262100471091564595
1254886893925961728
564078043992162315
1006443392332468266
1263256053265727543
1214827365356544005
1262673566449532938
1262488907178705078
1225951087991980111
1243410152913113130
1262738994027040771
1244229385800777728
821183291989688383
1263471922608345220
1005532140638834828
949652377110188112
1243475922078928937
1097181399863267429
1246154985205665874
659481157813010473
956536058688966707
426764686113898526
611390266510934055
1201350142658347073
1257639177516875847
1213216042407567360
1221150364552663193
1254878291073040529
807492790686449744
943137354623881307
1213439091409031258
1103455600463073330
926585496849764373
923681722460143627
997601729061343272
1221635943778484254
747317497308381275
960066811410399242
1263848746739957772
1263966326138077186
1263709217781583874
1263247502552076429
1237552436592513076
890874193896439819
1260344495829024820
1249446797420531743
1253780416570065089
1262322702576779266
1245376557615415309
923825104381698058
1168971698155049135
1124761331418009783
1263914056247410839
1149639675225575434
1087774746701205585
335459202887843851
1162649946554642443
1114951050613497959
1262397636422664276
979874153039536189
1196451987722600501
1260764137751842867
1001039490623737857
1262431763230101629
460915474398576640
1211213552250134538
1263818697697656884
1116130137675669575
1193669660902690937
1158099355752996968
1261410126644908166
1241692409201557566
1162136144729886801
1115569975000846398
1084964530485985333
1249104336861003837
1260526657010143326
1261692649610547215
1141765359574204487
1262325136544235520
1109683208716554382
1112001402772930653
1264025354096349245
1263130494715822133
1253433358243987576
1262398925093077047
1262430205729833023
1199374277439393854
1111218425520455700
235116944276062208
1259990761315762227
1239257591402463414
733549091409231894
1223433734888358051
950548650331881552
1241189813583872072
1015745638253731850
431616091278671892
1262885447496106006
1238690714343178311
1263188964920004648
1261798932896284718
1262808994834022420
1263428000754434164
1263448236996300882
1235024969109602405
1187058919479201792
1262372781039816704
527646796596641793